age = 13.59224286610974
chistar = 13981.941274527178
cmbshift = 1.7177306529450924
dastar = 13.98215419772025
kd = 0.13998881442528457
keq = 0.009847340784884265
nz = 31
rdrag = 148.57003450762159
rs_zdrag = 148.57003450762159
rstar = 146.0818226691713
thetad = 0.1605027396722478
thetaeq = 0.8509119166977586
thetarseq = 0.4685737201028871
thetastar = 1.0447733632703715
zdrag = 1060.621656479413
zeq = 3226.6732863265624
zstar = 1088.239636631636
