# k_h
1.046523084369255230e-05
1.121502706567761578e-05
1.201854349535801639e-05
1.287962899277099102e-05
1.380240817495877225e-05
1.479130117296819822e-05
1.585104480436827197e-05
1.698671526270260538e-05
1.820375243255985693e-05
1.950798594673132643e-05
2.090566311027064632e-05
2.240347882521216867e-05
2.400860765928759471e-05
2.572873821225147133e-05
2.757210994443030577e-05
2.954755264390501412e-05
3.166452872137562791e-05
3.393317853530059290e-05
3.636436896442016644e-05
3.896974546032674035e-05
4.176178782941439256e-05
4.475387001140554579e-05
4.796032414079410232e-05
5.139650919806103600e-05
5.507888457950358281e-05
5.902508893807763095e-05
6.325402467290429159e-05
6.778594847214647378e-05
7.264256834295634282e-05
7.784714759327149584e-05
8.342461626353289998e-05
8.940169054208536620e-05
9.580700073626369695e-05
1.026712284121459207e-04
1.100272533598792957e-04
1.179103110885438828e-04
1.263581616049573066e-04
1.354112702848749613e-04
1.451130017029629842e-04
1.555098273499929773e-04
1.666515482322274925e-04
1.785915334192524247e-04
1.913869756829058200e-04
2.050991654518182438e-04
2.197937843938120573e-04
2.355412200324254125e-04
2.524169029045815493e-04
2.705016678743950341e-04
2.898821413338143220e-04
3.106511561447999480e-04
3.329081963106214365e-04
3.567598735062568597e-04
3.823204377504829557e-04
4.097123246657879167e-04
4.390667419474928649e-04
4.705242978512819379e-04
5.042356747096049313e-04
5.403623507031133201e-04
5.790773733444293725e-04
6.205661883792518889e-04
6.650275280752483524e-04
7.126743631536561815e-04
7.637349229233698520e-04
8.184537885039723125e-04
8.770930643742703590e-04
9.399336338580761624e-04
1.007276504561040826e-03
1.079444250203208996e-03
1.156782555753695096e-03
1.239661873268712309e-03
1.328479196364456844e-03
1.423659961824604633e-03
1.525660087451154905e-03
1.634968155919967574e-03
1.752107755101720010e-03
1.877639986058456849e-03
2.012166150729084724e-03
2.156330632177881797e-03
2.310823981202483023e-03
2.476386224086246212e-03
2.653810407339195297e-03
2.843946396406922452e-03
3.047704946543359356e-03
3.266062065346967986e-03
3.500063687856980882e-03
3.750830686603498585e-03
4.019564240609708149e-03
4.307551589063835645e-03
4.616172197221029422e-03
4.946904364069971451e-03
5.301332303415099215e-03
5.681153732292959328e-03
6.088188003071318827e-03
6.524384818183997375e-03
6.991833569245174684e-03
7.492773345277725129e-03
8.029603657995159835e-03
8.604895935511508095e-03
9.221405839534280863e-03
9.882086465040108847e-03
1.059010248565971958e-02
1.134884531252894346e-02
1.216194933921704684e-02
1.303330935054585610e-02
1.396709917868822412e-02
1.496779169590899128e-02
1.604018023971410037e-02
1.718940157303476893e-02
1.842096048942632944e-02
1.974075618114129460e-02
2.115511049638019517e-02
2.267079822107307893e-02
2.429507953024184416e-02
2.603573476438615988e-02
2.790110169747271607e-02
2.990011547504212858e-02
3.204235141373771439e-02
3.433807086726686081e-02
3.679827037849400795e-02
3.943473435310462100e-02
4.226009150714802459e-02
4.528787535884396670e-02
4.853258905441017179e-02
5.200977483842773169e-02
5.573608850150860161e-02
5.972937916187121693e-02
6.400877476297979485e-02
6.859477369678260161e-02
7.350934299142615480e-02
7.877602353376648991e-02
8.442004283069609594e-02
9.046843584941502425e-02
9.695017451547346954e-02
1.038963064888839688e-01
1.113401038830443002e-01
1.193172226388380525e-01
1.278658733173151096e-01
1.370270041290570229e-01
1.468444970769380298e-01
1.573653781518109529e-01
1.686400425879607812e-01
1.807224962572998306e-01
1.936706143585931739e-01
2.075464186408388922e-01
2.224163744887046601e-01
2.383517092930732550e-01
2.554287536316929841e-01
2.737293068941965557e-01
2.933410291028431538e-01
3.143578608058040791e-01
3.368804730543003556e-01
3.610167496189872760e-01
3.868823037554055544e-01
4.146010319938290278e-01
4.443057076061631694e-01
4.761386165926166369e-01
5.102522392345393287e-01
5.468099804780650608e-01
5.859869526471284118e-01
6.279708142350615141e-01
6.729626687925859274e-01
7.211780282179139911e-01
7.728478450631233176e-01
8.282196188015749083e-01
8.875585813554307535e-01
9.511489675619441142e-01
1.019295376664113739e+00
1.092324231347259200e+00
1.170585341310308003e+00
1.254453578861375318e+00
1.344330674563740669e+00
1.440647141533411446e+00
1.543864337605714843e+00
1.654476675248693684e+00
1.773013989808888802e+00
1.900044077433434841e+00
2.036175414825129870e+00
2.182060073858228311e+00
2.338396845015974002e+00
2.505934584611221538e+00
2.685475801823419939e+00
2.877880502733872525e+00
3.084070309772366514e+00
3.305032876307373524e+00
3.541826617525730025e+00
3.795585780262928477e+00
4.067525876068518897e+00
4.358949503531137637e+00
4.671252587752269925e+00
5.005931066855821676e+00
5.364588057562170498e+00
5.748941534149894395e+00
6.160832557587430536e+00
6.602234094252601437e+00
7.075260466481663180e+00
7.582177480216282461e+00
8.125413278260127825e+00
8.707569971132185671e+00
9.331436101229096280e+00
1.000000000000000000e+01
