age = 13.475253627289348
chistar = 13805.997573391685
cmbshift = 1.7229131613130804
dastar = 13.80605861831421
kd = 0.14109691719491863
keq = 0.010209417207364154
nz = 31
rdrag = 147.3919920646691
rs_zdrag = 147.3919920646691
rstar = 144.86869320693555
thetad = 0.16127336016761848
thetaeq = 0.8311868113832428
thetarseq = 0.4585913786472856
thetastar = 1.049312459203688
zdrag = 1060.5551639318835
zeq = 3345.4516632633804
zstar = 1088.9076700660723
