age = 13.24317355860088
chistar = 13304.091376791746
cmbshift = 1.7518080582549522
dastar = 13.304410081683066
kd = 0.13931643705387708
keq = 0.011365679221245477
nz = 31
rdrag = 146.05650296948886
rs_zdrag = 146.05650296948886
rstar = 142.45434451928196
thetad = 0.16949304849071106
thetaeq = 0.7747798028508976
thetarseq = 0.4316845577479967
thetastar = 1.0707302589493006
zdrag = 1054.459218562895
zeq = 3724.4522331511475
zstar = 1095.4634129852393
