age = 13.461414722787183
chistar = 13616.508894991035
cmbshift = 1.7414590109110175
dastar = 13.616807326825146
kd = 0.13705421053108602
keq = 0.010722338888000315
nz = 31
rdrag = 148.31128936353628
rs_zdrag = 148.31128936353628
rstar = 144.63957862132696
thetad = 0.16833801352976907
thetaeq = 0.8024250656620635
thetarseq = 0.4461875328911898
thetastar = 1.0622135949326874
zdrag = 1053.8037168457026
zeq = 3513.577578444479
zstar = 1094.6308484297122
