a_s = 2.1e-09
cs2_de = 1.0
h0 = 0.72
hubble = 72.0
k_s = 0.05
massive_nu = 1
massless_nu = 2.0293333333333337
n_eff = 3.0440000000000005
n_run = 0.0
n_s = 0.99
num_nu_massive = 1
num_nu_massless = 2.0293333333333337
ombh2 = 0.023
omch2 = 0.112
omega_b = 0.04436728395061729
omega_c = 0.2160493827160494
omega_k = 0.0
omega_lambda = 0.7383393777572818
omega_m = 0.26166062224271824
omega_nu = 0.0012439555760515317
ommh2 = 0.13564486657062513
omnuh2 = 0.000644866570625114
s_8 = 0.7375981740918967
sigma8_input = 0.9
sigma_12 = 0.7497446869014712
sigma_8 = 0.7897893540999656
tau = 0.166
w = -1.0
wa = 0.0
yhe = 0.24
