# k_h
1.046523084369255230e-05
1.155611334979766980e-05
1.276070815947605297e-05
1.409086871717590839e-05
1.555968265165574849e-05
1.718160456221085042e-05
1.897259426186792552e-05
2.095027230097912252e-05
2.313410368515178561e-05
2.554557249823119491e-05
2.820841109496541321e-05
3.114882201771251857e-05
3.439573629293590784e-05
3.798110265051946044e-05
4.194020584691315889e-05
4.631200135918334126e-05
5.113950464874505997e-05
5.647022408084012568e-05
6.235660839593037963e-05
6.885658513056114316e-05
7.603410631418228149e-05
8.395980694331228733e-05
9.271167073165997863e-05
1.023758231895044446e-04
1.130473465309478343e-04
1.248312619281932712e-04
1.378435117658227682e-04
1.522121601738035679e-04
1.680785499047487974e-04
1.855988521128892899e-04
2.049454487860202789e-04
2.263087080791592598e-04
2.498988469596952200e-04
2.759479684755206108e-04
3.047124482691287994e-04
3.364752919878810644e-04
3.715490747708827257e-04
4.102788807358592749e-04
4.530458245426416397e-04
5.002707475796341896e-04
5.524183507077395916e-04
6.100017344579100609e-04
6.735875504091382027e-04
7.438014727085828781e-04
8.213344262912869453e-04
9.069492807611823082e-04
1.001488533802330494e-03
1.105882460251450539e-03
1.221158308908343315e-03
1.348450314253568649e-03
1.489010988734662533e-03
1.644223695620894432e-03
1.815615454688668251e-03
2.004873007535934448e-03
2.213858533650636673e-03
2.444628160446882248e-03
2.699453150853514671e-03
2.980840858072042465e-03
3.291560104116797447e-03
3.634668188169598579e-03
4.013541154563426971e-03
4.431908018887042999e-03
4.893884528428316116e-03
5.404016934335231781e-03
5.967324599623680115e-03
6.589351221919059753e-03
7.276216987520456314e-03
8.034680970013141632e-03
8.872205391526222229e-03
9.797032922506332397e-03
1.081826351583003998e-02
1.194594614207744598e-02
1.319117657840251923e-02
1.456620823591947556e-02
1.608457043766975403e-02
1.776120625436306000e-02
1.961261220276355743e-02
2.165700681507587433e-02
2.391450665891170502e-02
2.640732377767562866e-02
2.915999107062816620e-02
3.219959139823913574e-02
3.555603697896003723e-02
3.911164030432701111e-02
4.266724362969398499e-02
4.622284695506095886e-02
4.977845400571823120e-02
5.333405733108520508e-02
5.688966065645217896e-02
6.044526398181915283e-02
6.400086730718612671e-02
6.755647063255310059e-02
7.111207395792007446e-02
7.466767728328704834e-02
7.909364998340606689e-02
8.351961523294448853e-02
8.794558793306350708e-02
9.237156063318252563e-02
9.679752588272094727e-02
1.012234985828399658e-01
1.056494638323783875e-01
1.100754365324974060e-01
1.145014017820358276e-01
1.189273744821548462e-01
1.233533397316932678e-01
1.277793049812316895e-01
1.322052776813507080e-01
1.366312503814697266e-01
1.410572230815887451e-01
1.454831957817077637e-01
1.499091535806655884e-01
1.543351262807846069e-01
1.587610989809036255e-01
1.631870716810226440e-01
1.676130294799804688e-01
1.720390021800994873e-01
1.764649748802185059e-01
1.808909475803375244e-01
1.853169202804565430e-01
1.897428780794143677e-01
1.941688507795333862e-01
1.985948234796524048e-01
2.030207961797714233e-01
2.074467539787292480e-01
2.118727266788482666e-01
2.162986993789672852e-01
2.207246720790863037e-01
2.251506298780441284e-01
2.295766025781631470e-01
2.340025752782821655e-01
2.384285479784011841e-01
2.428545206785202026e-01
2.472804784774780273e-01
2.517064511775970459e-01
2.561324238777160645e-01
2.605583965778350830e-01
2.649843692779541016e-01
2.694103419780731201e-01
2.738363146781921387e-01
2.782622575759887695e-01
2.826882302761077881e-01
2.871142029762268066e-01
2.915401756763458252e-01
2.959661483764648438e-01
3.003921210765838623e-01
3.048180937767028809e-01
3.092440664768218994e-01
3.136700093746185303e-01
3.180959820747375488e-01
3.225219547748565674e-01
3.269479274749755859e-01
3.313739001750946045e-01
3.357998728752136230e-01
3.402258455753326416e-01
3.446518182754516602e-01
3.490777909755706787e-01
3.535037338733673096e-01
3.579297065734863281e-01
3.623556792736053467e-01
3.667816519737243652e-01
3.712076246738433838e-01
3.756335973739624023e-01
3.800595700740814209e-01
3.844855427742004395e-01
3.889115154743194580e-01
3.933374583721160889e-01
3.977634310722351074e-01
4.021894037723541260e-01
4.066153764724731445e-01
4.110413491725921631e-01
4.154673218727111816e-01
4.198932945728302002e-01
4.243192672729492188e-01
4.287452399730682373e-01
4.331711828708648682e-01
4.375971555709838867e-01
4.420231282711029053e-01
4.464491009712219238e-01
4.508750736713409424e-01
4.553010463714599609e-01
4.597270190715789795e-01
4.641529917716979980e-01
4.685789644718170166e-01
4.730049073696136475e-01
4.774308800697326660e-01
4.818568527698516846e-01
4.862828254699707031e-01
4.907087981700897217e-01
4.951347708702087402e-01
4.995607435703277588e-01
5.039867162704467773e-01
5.084126591682434082e-01
5.128386616706848145e-01
5.172646045684814453e-01
5.216906070709228516e-01
5.261165499687194824e-01
5.305424928665161133e-01
5.349684953689575195e-01
5.393944382667541504e-01
5.438204407691955566e-01
5.482463836669921875e-01
5.526723861694335938e-01
5.570983290672302246e-01
5.615243315696716309e-01
5.659502744674682617e-01
5.703762173652648926e-01
5.748022198677062988e-01
5.792281627655029297e-01
5.836541652679443359e-01
5.880801081657409668e-01
5.925061106681823730e-01
5.969320535659790039e-01
6.013580560684204102e-01
6.057839989662170410e-01
6.102099418640136719e-01
6.146359443664550781e-01
6.190618872642517090e-01
6.234878897666931152e-01
6.279138326644897461e-01
6.540769338607788086e-01
6.653150916099548340e-01
8.226093649864196777e-01
1.017091393470764160e+00
1.257552862167358398e+00
1.554864525794982910e+00
1.922466874122619629e+00
2.376978158950805664e+00
2.938945055007934570e+00
3.633772850036621094e+00
4.492872238159179688e+00
5.555080890655517578e+00
6.868417263031005859e+00
8.492254257202148438e+00
1.049999904632568359e+01
