# t_k
5.404112000000000000e+06
5.404111000000000000e+06
5.404110000000000000e+06
5.404109500000000000e+06
5.404108000000000000e+06
5.404106000000000000e+06
5.404104000000000000e+06
5.404102000000000000e+06
5.404099000000000000e+06
5.404095000000000000e+06
5.404091000000000000e+06
5.404085500000000000e+06
5.404079000000000000e+06
5.404070500000000000e+06
5.404061000000000000e+06
5.404049000000000000e+06
5.404034500000000000e+06
5.404017000000000000e+06
5.403995500000000000e+06
5.403969500000000000e+06
5.403937000000000000e+06
5.403898000000000000e+06
5.403850500000000000e+06
5.403793000000000000e+06
5.403722000000000000e+06
5.403636500000000000e+06
5.403531500000000000e+06
5.403404000000000000e+06
5.403249000000000000e+06
5.403060000000000000e+06
5.402830500000000000e+06
5.402551000000000000e+06
5.402211500000000000e+06
5.401799500000000000e+06
5.401299000000000000e+06
5.400693000000000000e+06
5.399960000000000000e+06
5.399073500000000000e+06
5.398005000000000000e+06
5.396717500000000000e+06
5.395172000000000000e+06
5.393321000000000000e+06
5.391111500000000000e+06
5.388483000000000000e+06
5.385368500000000000e+06
5.381692000000000000e+06
5.377372000000000000e+06
5.372315500000000000e+06
5.366420000000000000e+06
5.359570000000000000e+06
5.351635500000000000e+06
5.342469000000000000e+06
5.331905000000000000e+06
5.319759000000000000e+06
5.305826000000000000e+06
5.289882000000000000e+06
5.271680000000000000e+06
5.250952000000000000e+06
5.227405000000000000e+06
5.200722500000000000e+06
5.170558000000000000e+06
5.136538000000000000e+06
5.098258500000000000e+06
5.055288500000000000e+06
5.007160500000000000e+06
4.953374500000000000e+06
4.893392000000000000e+06
4.826637000000000000e+06
4.752495000000000000e+06
4.670314500000000000e+06
4.579411500000000000e+06
4.479082500000000000e+06
4.368626000000000000e+06
4.247376000000000000e+06
4.114760000000000000e+06
3.970376500000000000e+06
3.814108250000000000e+06
3.646265750000000000e+06
3.467760500000000000e+06
3.280289500000000000e+06
3.086488500000000000e+06
2.890491750000000000e+06
2.695676000000000000e+06
2.514352000000000000e+06
2.357665000000000000e+06
2.222959500000000000e+06
2.106421250000000000e+06
2.003942750000000000e+06
1.911777500000000000e+06
1.826767000000000000e+06
1.746414000000000000e+06
1.668953250000000000e+06
1.593454125000000000e+06
1.519825000000000000e+06
1.431662750000000000e+06
1.348995125000000000e+06
1.273748500000000000e+06
1.206884625000000000e+06
1.148549000000000000e+06
1.098195125000000000e+06
1.054505625000000000e+06
1.015649000000000000e+06
9.797052500000000000e+05
9.450496875000000000e+05
9.105875625000000000e+05
8.758516250000000000e+05
8.409820625000000000e+05
8.065835000000000000e+05
7.735004375000000000e+05
7.425840625000000000e+05
7.144934375000000000e+05
6.895368125000000000e+05
6.675870000000000000e+05
6.481265625000000000e+05
6.304185000000000000e+05
6.137085625000000000e+05
5.973660000000000000e+05
5.809526250000000000e+05
5.642610625000000000e+05
5.473334375000000000e+05
5.304257500000000000e+05
5.139107812500000000e+05
4.981640000000000000e+05
4.834812500000000000e+05
4.700361875000000000e+05
4.578576875000000000e+05
4.468239375000000000e+05
4.366880000000000000e+05
4.271378125000000000e+05
4.178683437500000000e+05
4.086392500000000000e+05
3.993109687500000000e+05
3.898590000000000000e+05
3.803651875000000000e+05
3.709823437500000000e+05
3.618842812500000000e+05
3.532204687500000000e+05
3.450891250000000000e+05
3.375274687500000000e+05
3.305116250000000000e+05
3.239635937500000000e+05
3.177681562500000000e+05
3.117980937500000000e+05
3.059399375000000000e+05
3.001127812500000000e+05
2.942769687500000000e+05
2.884349375000000000e+05
2.826262187500000000e+05
2.769154687500000000e+05
2.713756875000000000e+05
2.660694062500000000e+05
2.610341093750000000e+05
2.562759687500000000e+05
2.517721406250000000e+05
2.474793906250000000e+05
2.433449218750000000e+05
2.393169062500000000e+05
2.353530468750000000e+05
2.314261250000000000e+05
2.275263437500000000e+05
2.236598593750000000e+05
2.198449375000000000e+05
2.161063593750000000e+05
2.124699218750000000e+05
2.089571093750000000e+05
2.055807812500000000e+05
2.023425937500000000e+05
1.992330312500000000e+05
1.962337031250000000e+05
1.933213906250000000e+05
1.904727031250000000e+05
1.876688437500000000e+05
1.848988125000000000e+05
1.821603281250000000e+05
1.794581406250000000e+05
1.768011718750000000e+05
1.741994531250000000e+05
1.716621250000000000e+05
1.691957343750000000e+05
1.668032031250000000e+05
1.644834843750000000e+05
1.622321562500000000e+05
1.600422500000000000e+05
1.579053437500000000e+05
1.558124843750000000e+05
1.537557187500000000e+05
1.517293750000000000e+05
1.497311093750000000e+05
1.477620000000000000e+05
1.458257343750000000e+05
1.439270312500000000e+05
1.420701093750000000e+05
1.402575312500000000e+05
1.384896093750000000e+05
1.367646562500000000e+05
1.350797500000000000e+05
1.334314843750000000e+05
1.318164531250000000e+05
1.302316562500000000e+05
1.286745234375000000e+05
1.271429843750000000e+05
1.256356328125000000e+05
1.241518750000000000e+05
1.226920781250000000e+05
1.212574140625000000e+05
1.198494609375000000e+05
1.184696250000000000e+05
1.171185078125000000e+05
1.157956015625000000e+05
1.144993906250000000e+05
1.132277109375000000e+05
1.119784531250000000e+05
1.107500000000000000e+05
1.095413203125000000e+05
1.083519140625000000e+05
1.071815625000000000e+05
1.060300625000000000e+05
1.048971718750000000e+05
1.037826796875000000e+05
9.757188281250000000e+04
9.509223437500000000e+04
6.867571875000000000e+04
4.926814843750000000e+04
3.513157421875000000e+04
2.491527539062500000e+04
1.758279296875000000e+04
1.235308789062500000e+04
8.643787109375000000e+03
6.026072753906250000e+03
4.187065429687500000e+03
2.900380371093750000e+03
2.003471557617187500e+03
1.380364624023437500e+03
9.488027954101562500e+02
