# ee
1.953279168616470218e-02
2.808231941653961672e-02
2.755441330565205904e-02
2.098963486318377453e-02
1.315364206543444617e-02
7.216337108632547154e-03
3.958752257518979509e-03
2.633621212369475790e-03
2.176790251274431445e-03
1.919503152461636769e-03
1.682191615238668369e-03
1.520698713216235218e-03
1.488180086996233756e-03
1.555937345101517100e-03
1.648639311262276507e-03
1.749690786902114142e-03
1.868337533027799929e-03
2.048365134036287186e-03
2.326399890886230934e-03
2.704277159968465714e-03
3.178573086531094865e-03
3.734107730339550953e-03
4.358912115778706443e-03
5.054708991917268579e-03
5.825536255090581553e-03
6.662307646280785089e-03
7.551017301530440519e-03
8.505945331406555843e-03
9.545383268876973804e-03
1.067215787034936011e-02
1.189561777869837383e-02
1.320757449455626717e-02
1.462349920075623963e-02
1.615202112970270248e-02
1.780419661739587878e-02
1.956906954187488668e-02
2.142376668311772592e-02
2.337177019911108877e-02
2.542407518445993081e-02
2.759039371033997906e-02
2.987512224655591853e-02
3.228126937796647888e-02
3.481108344343420563e-02
3.746581659741281961e-02
4.024584804471371957e-02
4.315220722148931098e-02
4.618366119915320173e-02
4.933871489532715149e-02
5.261980553450990028e-02
5.602936870930083635e-02
5.956826056195153873e-02
6.323576268006343704e-02
6.703141880502978822e-02
7.095529698582747624e-02
7.500543325726199972e-02
7.918117313395807433e-02
8.348297596187058411e-02
8.791156324074629602e-02
9.246503493241391147e-02
9.714130168138858379e-02
1.019375168629310241e-01
1.068509066887800840e-01
1.118784352168828294e-01
1.170178529665617528e-01
1.222649338138237229e-01
1.276169825979179551e-01
1.330706382837369695e-01
1.386233262975486991e-01
1.442727342194129181e-01
1.500172632517602911e-01
1.558547610872113021e-01
1.617824782717984522e-01
1.677955681212198735e-01
1.738889217973818291e-01
1.800566794361896372e-01
1.862941715302133816e-01
1.925962396998138482e-01
1.989579877191436919e-01
2.053745193623556786e-01
2.118407355928979829e-01
2.183512504389850117e-01
2.248999508105432033e-01
2.314809857712908925e-01
2.380882422311545177e-01
2.447165631664203200e-01
2.513604213581451807e-01
2.580147213461622679e-01
2.646743676703045001e-01
2.713326919476543586e-01
2.779842966633482293e-01
2.846228382375278199e-01
2.912419331894299246e-01
2.978359844996668615e-01
3.043983465336836391e-01
3.109228979645089486e-01
3.174032553113796951e-01
3.238327729397407762e-01
3.302053295226209939e-01
3.365155901944242856e-01
3.427571714743875564e-01
3.489210683438297433e-01
3.550061403978235774e-01
3.610007610797699162e-01
3.669011684468236334e-01
3.727009790182216342e-01
3.783964308511186814e-01
3.839785189268337118e-01
3.894434813025214326e-01
3.947823129595008362e-01
3.999913218293157935e-01
4.050670953410666630e-01
4.100010477224067529e-01
4.147872147389075614e-01
4.194248752319764129e-01
4.239080649671845280e-01
4.282281981721856590e-01
4.323845536883870189e-01
4.363711672813598841e-01
4.401846962545938879e-01
4.438191763736600848e-01
4.472712649420482189e-01
4.505376192632473686e-01
4.536122751028289768e-01
4.564945113022005341e-01
4.591783636269333169e-01
4.616631109184345383e-01
4.639427889422758633e-01
4.660166765398643940e-01
4.678788094767716843e-01
4.695285624524662138e-01
4.709656935986621940e-01
4.721848138292989994e-01
4.731910202099879337e-01
4.739763021167503476e-01
4.745431350772798540e-01
4.748887515434337403e-01
4.750156270429051197e-01
4.749209940275517239e-01
4.746047064871486976e-01
4.740718614873075110e-01
4.733170699419673721e-01
4.723428073788217829e-01
4.711515493255640230e-01
4.697405282340515464e-01
4.681148411698955458e-01
4.662769636607893564e-01
4.642267496965082896e-01
4.619666748047457916e-01
4.594992145131950867e-01
4.568268097511545833e-01
4.539517630543420945e-01
4.508789638979989189e-01
4.476133017573659112e-01
4.441544230318482112e-01
4.405098387346047528e-01
4.366791952650407871e-01
4.326726251742330498e-01
4.284897748615866253e-01
4.241381553402606697e-01
4.196226560854961485e-01
4.149481665725338608e-01
4.101248193524508756e-01
4.051522608246522217e-01
4.000380020022970551e-01
3.947895538985440878e-01
3.894144275265524757e-01
3.839201338994810420e-01
3.783141840304887760e-01
3.726014673948166434e-01
3.667921165435416575e-01
3.608936424898227524e-01
3.549135562468187510e-01
3.488593688276888094e-01
3.427438343214276317e-01
3.365717432265331599e-01
3.303553547482845354e-01
3.241015860393820502e-01
3.178173542525257189e-01
3.115148196162516037e-01
3.052035208211778539e-01
2.988929965579226744e-01
2.925901639791860243e-01
2.863071833135041322e-01
2.800562147894129494e-01
2.738441755596127125e-01
2.676808664685132455e-01
2.615794963598178091e-01
2.555501282317281242e-01
2.496038736976131100e-01
2.437510579094661345e-01
2.380030546344479858e-01
2.323707133321357143e-01
2.268656699234818108e-01
2.214995603294386828e-01
2.162840204709587932e-01
2.112312105765782599e-01
2.063527665672495459e-01
2.016603243639250309e-01
1.971655198875572890e-01
1.928800966358734381e-01
1.888122961068227357e-01
1.849702052213372527e-01
1.813616487465573579e-01
1.779947136034151223e-01
1.748769624052591565e-01
1.720167442268133451e-01
1.694218838352179457e-01
1.670999438438215690e-01
1.650592733273480994e-01
1.633079592067297192e-01
1.618533019415231144e-01
1.607036506064521697e-01
1.598670921224490671e-01
1.593490918725280203e-01
1.591606204693307713e-01
1.593071432958715894e-01
1.597941257351646327e-01
1.606322762460599685e-01
1.618270602115717549e-01
1.633839430147141780e-01
1.653136331143371940e-01
1.676189743555373257e-01
1.703080536592463945e-01
1.733837148705607845e-01
1.768566664483305351e-01
1.807323737755697490e-01
1.850136806973748660e-01
1.897086741346777350e-01
1.948228194704927085e-01
2.003563390119980081e-01
2.063173196801257048e-01
2.127112268578900123e-01
2.195409043903872592e-01
2.268118176606314651e-01
2.345294320516368436e-01
2.426913483326637588e-01
2.513030318867263135e-01
2.603647050210029512e-01
2.698844546564256319e-01
2.798625031001726882e-01
2.902990726594223969e-01
3.011970071792709480e-01
3.125565289668966185e-01
3.243804818673956536e-01
3.366638451121104492e-01
3.494120840840552744e-01
3.626254210904081288e-01
3.762988353625117410e-01
3.904377922833798253e-01
4.050322531616370458e-01
4.200861876079678425e-01
4.355959257724210110e-01
4.515630408808809504e-01
4.679812415454784880e-01
4.848521009920978564e-01
5.021719493707881288e-01
5.199344952936795217e-01
5.381413119866566008e-01
5.567861080618504710e-01
5.758652136693093171e-01
5.953749589590817681e-01
6.153116740812166752e-01
6.356690676478444768e-01
6.564382267331783094e-01
6.776128599493481675e-01
6.991840543705671873e-01
7.211455186089661407e-01
7.434909612766757991e-01
7.662088479099904426e-01
7.892928871210409536e-01
8.127341659840398025e-01
8.365159069594466645e-01
8.606344401973093916e-01
8.850756096960051833e-01
9.098305025297463988e-01
9.348875842348283172e-01
9.602353203475451071e-01
9.858569333283564440e-01
1.011738267175638306e+00
1.037870408963603941e+00
1.064233959614794278e+00
1.090817384665503154e+00
1.117606528114108766e+00
1.144584612421069458e+00
1.171737481584761653e+00
1.199043114989808423e+00
1.226489978172505602e+00
1.254058672055392787e+00
1.281732419098929210e+00
1.309499684839409817e+00
1.337309611744360138e+00
1.365184745343008377e+00
1.393095200406223366e+00
1.420984876325695145e+00
1.448876318630650584e+00
1.476713426712781496e+00
1.504492530722134624e+00
1.532183745429579913e+00
1.559757185605986862e+00
1.587238016870252455e+00
1.614557023683241388e+00
1.641752472112204098e+00
1.668810197466031653e+00
1.695716035053618009e+00
1.722482035563033476e+00
1.749067818923992546e+00
1.775485435824565084e+00
1.801720721573643713e+00
1.827733296100941374e+00
1.853561425473709390e+00
1.879164729621660923e+00
1.904555259232865838e+00
1.929692634237038851e+00
1.954562689943071474e+00
1.979203692418214366e+00
2.003549046213001006e+00
2.027610802015503921e+00
2.051374795134613738e+00
2.074853076258402762e+00
2.098005265316585266e+00
2.120817197618050987e+00
2.143274708471694545e+00
2.165363633186405679e+00
2.187096022450257582e+00
2.208457711572142657e+00
2.229408320481771622e+00
2.249933684488038210e+00
2.270045854279015174e+00
2.289704449784413676e+00
2.308921521692307355e+00
2.327682905311584616e+00
2.345948220571960174e+00
2.363729518161506782e+00
2.380986418009937378e+00
2.397730970805321604e+00
2.413949011856551863e+00
2.429626376472521887e+00
2.444748899962122746e+00
2.459328633013427190e+00
2.473298980176967810e+00
2.486671992140815135e+00
2.499433504213862456e+00
2.511543136325823156e+00
2.523012939164768653e+00
2.533802532660410112e+00
2.543923967500820282e+00
2.553310648236533087e+00
2.562027056313977535e+00
2.570032811662868788e+00
2.577341685098898161e+00
2.583948112569071753e+00
2.589848250148016895e+00
2.595064469289536824e+00
2.599566710689082516e+00
2.603377345800458098e+00
2.606492530698291343e+00
2.608908421457208693e+00
2.610594958772656238e+00
2.611574514098441213e+00
2.611843243509191836e+00
2.611397303079533661e+00
2.610232848884092682e+00
2.608372252376677025e+00
2.605811669631910021e+00
2.602547256724422997e+00
2.598601385108018746e+00
2.593943995478147357e+00
2.588649890046971436e+00
2.582636578751579037e+00
2.576005079183318003e+00
2.568672901279275056e+00
2.560714847251615023e+00
2.552127073174964789e+00
2.542905735123951239e+00
2.533046989173201258e+00
2.522573206776520749e+00
2.511480544008537930e+00
2.499765156943878353e+00
2.487449417036347921e+00
2.474555695739752981e+00
2.461027718370362383e+00
2.446966502519520414e+00
2.432341988882674944e+00
2.417176548913629652e+00
2.401518769445374346e+00
2.385364806552533246e+00
2.368763247068090827e+00
2.351710247066676640e+00
2.334228178002097032e+00
2.316339411328156572e+00
2.298040103119481259e+00
2.279378840209060453e+00
2.260351778671517042e+00
2.240955074581479689e+00
2.221263530151114995e+00
2.201247086075866832e+00
2.180954329188722784e+00
2.160381415564310625e+00
2.139603147414794293e+00
2.118586236794175459e+00
2.097363127328200516e+00
2.075963034001171881e+00
2.054362741039033491e+00
2.032565248046905637e+00
2.010625985388271530e+00
1.988521737289069780e+00
1.966229287975248097e+00
1.943830283189463382e+00
1.921301507157660238e+00
1.898645959484959622e+00
1.875892855155663286e+00
1.853045193774893962e+00
1.830132190326952735e+00
1.807183059796139135e+00
1.784174586408397989e+00
1.761162200527212507e+00
1.738148901757701426e+00
1.715137689704986590e+00
1.692131563974192732e+00
1.669185954928799065e+00
1.646277646794748195e+00
1.623409639177163966e+00
1.600637362439524258e+00
1.577963816186954027e+00
1.555418215403752136e+00
1.533055990453402462e+00
1.510906356320206090e+00
1.488972312609285531e+00
1.467283074304937873e+00
1.445920287149828898e+00
1.424860735369899656e+00
1.404133633949449678e+00
1.383794413251962396e+00
1.363819857503381971e+00
1.344265397067184509e+00
1.325134031548496516e+00
1.306481191310796541e+00
1.288309875959207984e+00
1.270649300478031485e+00
1.253554895230748700e+00
1.237029659822483030e+00
1.221129024616712577e+00
1.205882204597740870e+00
1.191292199370689309e+00
1.177440654678219012e+00
1.164330570125451825e+00
1.152017376075868516e+00
1.140530287513770169e+00
1.129872304044280629e+00
1.120119007013357537e+00
1.111243074042614243e+00
1.103263549115319986e+00
1.096173260835567209e+00
1.089965037807445913e+00
1.084631708635046987e+00
1.080166101922460653e+00
1.076587261652957705e+00
1.073888016430629699e+00
1.072061194859565969e+00
1.071099625543858957e+00
1.071048567845956700e+00
1.071900850369950753e+00
1.073649301719933113e+00
1.076312965879172578e+00
1.079884671451759592e+00
1.084383462420966060e+00
1.089802167390882204e+00
1.096133614965598024e+00
1.103370633749203744e+00
1.111532267724973044e+00
1.120637560876172056e+00
1.130653126427715538e+00
1.141571792983692379e+00
1.153438819906551505e+00
1.166247035800386245e+00
1.179963053890106028e+00
1.194632133538162000e+00
1.210247103348643272e+00
1.226827007304821304e+00
1.244312243252428285e+00
1.262774285933091489e+00
1.282179748571724787e+00
1.302547675151596973e+00
1.323870894276799604e+00
1.346142234551422456e+00
1.369354524579557308e+00
1.393553023723653084e+00
1.418678129829442192e+00
1.444775102259374222e+00
1.471836769617540730e+00
1.499829745128852476e+00
1.528773072776578923e+00
1.558685796543990865e+00
1.589560745035179634e+00
1.621364531475056214e+00
1.654116199846891844e+00
1.687808578754775191e+00
1.722434496802798476e+00
1.758012997974231828e+00
1.794509710766970079e+00
1.831938755529200158e+00
1.870260837123733921e+00
1.909515306550920943e+00
1.949636653294394284e+00
1.990638012975324278e+00
2.032511548911537513e+00
2.075244181345024863e+00
2.118817587441942596e+00
2.163216065906362839e+00
2.208421293904441196e+00
2.254414948602333713e+00
2.301183950242030374e+00
2.348709975989686782e+00
2.396972081473540239e+00
2.445954565397663760e+00
2.495633861852377233e+00
2.545994269541753230e+00
2.597012222556111194e+00
2.648666776523688426e+00
2.700939608610640086e+00
2.753807152907286504e+00
2.807245843503944904e+00
2.861226871415100792e+00
2.915724049193154865e+00
2.970708567852589077e+00
3.026154239945807234e+00
3.082034878025208702e+00
3.138319051567361129e+00
3.194975330048827722e+00
3.251977526022010956e+00
3.309288965887640543e+00
3.366878219122282356e+00
3.424713855202500046e+00
3.482767065142779561e+00
3.541001175343847063e+00
3.599379512206436260e+00
3.657868023669191615e+00
3.716424793057008014e+00
3.775013146770614281e+00
3.833599032748659763e+00
3.892140534316035794e+00
3.950598356335555117e+00
4.008933203670030032e+00
4.067095295030599189e+00
4.125047956817993189e+00
4.182741407743351125e+00
4.240110137290304948e+00
4.297167281080025880e+00
4.353794897837786060e+00
4.410013731425078909e+00
4.465770097147957252e+00
4.521070349311157699e+00
4.575920842219415086e+00
4.630301714798283008e+00
4.684219321352499854e+00
4.737653800807617444e+00
4.790611507468372388e+00
4.843072580260320059e+00
4.895043373488196181e+00
4.946477810698375777e+00
4.997408461574773142e+00
5.047789249663765077e+00
5.097626529270085527e+00
5.146900439319289866e+00
5.195617334116115593e+00
5.243704921827754717e+00
5.291195772138125974e+00
5.338070023972782074e+00
5.384281600878100704e+00
5.429836857158814034e+00
5.474689716361301528e+00
5.518846532790297132e+00
5.562287445371353556e+00
5.604966377650850262e+00
5.646889683933519422e+00
5.688011287765741386e+00
5.728311328073067088e+00
5.767796159160233138e+00
5.806393489194435098e+00
5.844109672480409579e+00
5.880898632564530715e+00
5.916740508372355656e+00
5.951641654208619236e+00
5.985503562861334892e+00
6.018358804014424024e+00
6.050161301214255438e+00
6.080864978007208599e+00
6.110449973318838879e+00
6.138896426074702539e+00
6.166158259821172827e+00
6.192215613483806891e+00
6.217022410608981531e+00
6.240558790122252120e+00
6.262778675569991016e+00
6.283662205877757145e+00
6.303163304591926419e+00
6.321235895258873860e+00
6.337886332183334304e+00
6.353042323532504199e+00
6.366692517986232147e+00
6.378833387862352211e+00
6.389496130612171143e+00
6.398685728307816234e+00
6.406407163021412998e+00
6.412691632204272629e+00
6.417570333307698327e+00
6.421022033024637032e+00
6.423077928806399051e+00
6.423743002725106344e+00
6.422996021473712958e+00
6.420894397882698890e+00
6.417443114024194983e+00
6.412647151970328530e+00
6.406511493793224155e+00
6.399067336944190387e+00
6.390345878874534868e+00
6.380378317035562574e+00
6.369117202741040984e+00
6.356646164200636662e+00
6.342970183486478675e+00
6.328041811912331838e+00
6.311944677687865379e+00
6.294657547506023576e+00
6.276211618818114069e+00
6.256585658317085574e+00
6.235810863454243957e+00
6.213892216301719174e+00
6.190860914310816199e+00
6.166748154932837345e+00
6.141506489481554532e+00
6.115219546166635212e+00
6.087866091681022773e+00
6.059451108096848060e+00
6.030032008244595509e+00
5.999587558817214727e+00
5.968175172645189264e+00
5.935773616421466947e+00
5.902440302976534880e+00
5.868153999003341781e+00
5.832972117332373863e+00
5.796873424656574514e+00
5.759915333806437943e+00
5.722102826854081670e+00
5.683414670492459742e+00
5.643908277552055708e+00
5.603588630104999524e+00
5.562460710223417593e+00
5.520581930737792575e+00
5.477957273720257092e+00
5.434642663188378187e+00
5.390661852528904951e+00
5.346037106315665532e+00
5.300790689122488963e+00
5.254918650144030146e+00
5.208495684712476148e+00
5.161517842022477431e+00
5.114007386647864806e+00
5.065960367783292284e+00
5.017425265381761257e+00
4.968398128637934619e+00
4.918901222125637851e+00
4.868983025797881226e+00
4.818639588849309874e+00
4.767919391232944726e+00
4.716844697522606822e+00
4.665463987671312651e+00
4.613773310873710010e+00
4.561794931703630596e+00
4.509603545493262367e+00
4.457221416816436133e+00
4.404644594867806795e+00
4.351947774979558758e+00
4.299153221725526386e+00
4.246283199679536935e+00
4.193386188794603342e+00
4.140510669023734991e+00
4.087652689561579678e+00
4.034860730361153003e+00
3.982183271375461686e+00
3.929616361799155744e+00
3.877234696964428906e+00
3.825034326065927637e+00
3.773089944435845222e+00
3.721476247406367843e+00
3.670215499551328087e+00
3.619408611582096924e+00
3.569051632693319487e+00
3.519245473596369411e+00
3.470064829623435987e+00
3.421505749969170562e+00
3.373642929965758874e+00
3.326524849566214304e+00
3.280226204102728804e+00
3.234769258149127857e+00
3.190176276279242273e+00
3.146574384583626038e+00
3.103959632256924728e+00
3.062406714631330740e+00
3.021990327039029811e+00
2.982747416827481679e+00
2.944668800921899976e+00
2.907786194400315605e+00
2.872052666203212201e+00
2.837499931408609122e+00
2.804107274336176570e+00
2.771906410063938786e+00
2.740824192153200389e+00
2.710944766440340103e+00
2.682221201865845561e+00
2.654658998128564651e+00
2.628263654927338600e+00
2.603014456581832725e+00
2.578943118170072601e+00
2.556028924011723991e+00
2.534251158426443773e+00
2.513615321113083834e+00
2.494126911770489841e+00
2.475817645476678486e+00
2.458666806551321748e+00
2.442732325451618891e+00
2.427993486497235232e+00
2.414508220145377582e+00
2.402282026094885392e+00
2.391320404044603887e+00
2.381628853693381398e+00
2.373239090119238615e+00
2.366130397641838634e+00
2.360360706718388712e+00
2.355883086289374262e+00
2.352755466811994101e+00
2.350957132605917099e+00
2.350546014128345185e+00
2.351475180319763325e+00
2.353828777016560458e+00
2.357612303917568042e+00
2.362805045342465160e+00
2.369464931748444414e+00
2.377597462834354580e+00
2.387234353678219456e+00
2.398407319358066392e+00
2.411121859572733062e+00
2.425409689400246815e+00
2.441302523918629674e+00
2.458832078205908545e+00
2.478003851960926429e+00
2.498849560261708014e+00
2.521374702807094526e+00
2.545610994675111982e+00
2.571590150943782849e+00
2.599308548915817418e+00
2.628752291688539522e+00
2.659872144583966591e+00
2.692645088303287526e+00
2.727074318926870689e+00
2.763110601776731290e+00
2.800757132933243021e+00
2.839938462339231862e+00
2.880684001454252297e+00
2.922944515600312876e+00
2.966696985478607829e+00
3.011892176411149702e+00
3.058507069099126952e+00
3.106492428864554345e+00
3.155851451787802020e+00
3.206534903190879415e+00
3.258467333016622725e+00
3.311678152724581103e+00
3.366144343015945228e+00
3.421816669212726314e+00
3.478672112016117701e+00
3.536713867506489084e+00
3.595892701005852121e+00
3.656185593215400154e+00
3.717569524836321193e+00
3.780021476569809469e+00
3.843492213737876639e+00
3.907958717041712493e+00
3.973371751803330909e+00
4.039734514103100693e+00
4.106971553883856707e+00
4.175059851846788739e+00
4.243976388693087465e+00
4.313671929744767652e+00
4.384097240323838740e+00
4.455229301131491404e+00
4.527018877489739523e+00
4.599442950099775551e+00
4.672478499662789275e+00
4.746076291500791022e+00
4.820239521694154483e+00
4.894945170944069446e+00
4.970170219951728363e+00
5.045865434039141562e+00
5.122034009286680956e+00
5.198600495637179186e+00
5.275515658412648357e+00
5.352730262935098793e+00
5.430195074526546151e+00
5.507860858508998092e+00
5.585656387171848536e+00
5.663527322190732072e+00
5.741528409104561526e+00
5.819583316556347086e+00
5.897746790085005131e+00
5.975968713712727975e+00
6.054251402220067746e+00
6.132597170387579233e+00
6.210982117616633325e+00
6.289382343308604462e+00
6.367773946864866197e+00
6.446080596928434048e+00
6.524304608279858364e+00
6.602395864941337678e+00
6.680304250935058974e+00
6.758032081041580597e+00
6.835529239283095748e+00
6.912771825060974429e+00
6.989709722397414282e+00
7.066371461452146896e+00
7.142680710868185123e+00
7.218639785426084643e+00
7.294198569148036881e+00
7.369333161435414503e+00
7.443993446310413375e+00
7.518155523174407051e+00
7.591743060670408383e+00
7.664732158199793588e+00
7.737072699784754093e+00
7.808740784826661674e+00
7.879660081968534513e+00
7.949806690611745275e+00
8.019156710157666623e+00
8.087660024628490874e+00
8.155266518046413893e+00
8.221952289812808345e+00
8.287667223949869211e+00
8.352361204479789691e+00
8.415957900045583528e+00
8.478407194669443925e+00
8.539632756994388174e+00
8.599584471042605927e+00
8.658186005457119805e+00
8.715361028880932892e+00
8.771085640715426734e+00
8.825309724982792758e+00
8.878009381084403628e+00
8.929108277663274862e+00
8.978582514120780900e+00
9.026381974479113168e+00
9.072496553535405184e+00
9.116866466153114246e+00
9.159524368728993338e+00
9.200450486901434743e+00
9.239651261688011985e+00
9.277133134106300361e+00
9.312850114415516245e+00
9.346861074391588531e+00
9.379146239672914831e+00
9.409764482035427591e+00
9.438722242496700332e+00
9.466025962074304800e+00
9.491760727923354679e+00
9.515906765682245805e+00
9.538496731747731161e+00
9.559537067137384270e+00
9.579034212868776876e+00
9.596968394580304818e+00
9.613346053289543391e+00
9.628199845393242029e+00
9.641483781150622434e+00
9.653204301579251023e+00
9.663341632317525409e+00
9.671928429762200352e+00
9.678944919551666359e+00
9.684371327324321044e+00
9.688187878718560242e+00
9.690401014751952147e+00
9.691017176442075609e+00
9.690016589427322913e+00
9.687405694725265803e+00
9.683217148732660817e+00
9.677404961708724329e+00
9.670028005429383455e+00
9.661066505533039361e+00
9.650500687658080778e+00
9.638363208201264243e+00
9.624634292800982038e+00
9.609267951716448763e+00
9.592296841344419178e+00
9.573701187323289119e+00
9.553461215291450870e+00
9.531583366266477952e+00
9.507995435128405504e+00
9.482756293653167745e+00
9.455793736720801590e+00
9.427114205348877007e+00
9.396697925175789834e+00
9.364498906460754668e+00
9.330549805600526270e+00
9.294786765937798734e+00
9.257284186182612729e+00
9.218072382749317839e+00
9.177181672052256545e+00
9.134642370505771325e+00
9.090537225282570688e+00
9.044844122038636414e+00
8.997619592567492219e+00
8.948946384041841284e+00
8.898828597496848403e+00
8.847296549346864936e+00
8.794406771385402166e+00
8.740215795405996246e+00
8.684727722443804865e+00
8.627999084292355292e+00
8.570086412745165916e+00
8.510967593458230951e+00
8.450725373604250024e+00
8.389363854218384375e+00
8.326939567094161276e+00
8.263456613266747297e+00
8.198971524529664379e+00
8.133540832676436239e+00
8.067194854121405356e+00
7.999937689899742743e+00
7.931852087184147138e+00
7.862942147009783334e+00
7.793290616549356287e+00
7.722901596838029903e+00
7.651805404290151102e+00
7.580058570699241827e+00
7.507691412479646331e+00
7.434760461424886557e+00
7.361243603190953166e+00
7.287223584950547561e+00
7.212704507738833648e+00
7.137769118728513718e+00
7.062447734333935578e+00
6.986770670969439045e+00
6.910742029670191577e+00
6.834470772988081144e+00
6.757961001958262770e+00
6.681243032995090481e+00
6.604399613271262126e+00
6.527461059201121074e+00
6.450483902578198148e+00
6.373472244437649259e+00
6.296535047331364154e+00
6.219702627673682649e+00
6.143005301878953439e+00
6.066467099757764991e+00
5.990139335464046866e+00
5.914014605789621903e+00
5.838111722905482637e+00
5.762423283603447466e+00
5.686968100054519581e+00
5.611764984429689740e+00
5.536858964279141482e+00
5.462242636394688766e+00
5.387987243705686602e+00
5.314059167624781033e+00
5.240529651081320850e+00
5.167417506246310133e+00
5.094715329911559287e+00
5.022494365006434869e+00
4.950720992943567822e+00
4.879440241273138135e+00
4.808670922166140116e+00
4.738431847793579621e+00
4.668715614947268833e+00
4.599619681935742221e+00
4.531110430171639614e+00
4.463232887205142774e+00
4.396058295965604934e+00
4.329553037865663256e+00
4.263814571213857540e+00
4.198809277422825836e+00
4.134634614801098174e+00
4.071309395519682184e+00
4.008826216370387385e+00
3.947308751040933927e+00
3.886723380943959416e+00
3.827167564387999654e+00
3.768633898164873930e+00
3.711167409824762675e+00
3.654813126917830335e+00
3.599616076994270664e+00
3.545568856845890959e+00
3.492768924781231021e+00
3.441182662212927124e+00
3.390881312070339604e+00
3.341936117282824359e+00
3.294339674642194016e+00
3.248189442456994591e+00
3.203530448277396747e+00
3.160407719653574254e+00
3.118840068756537409e+00
3.078898738515628786e+00
3.040654971860207834e+00
3.004127580961281740e+00
2.969347638906388642e+00
2.936290400932554778e+00
2.904917167814174750e+00
2.875189240325636497e+00
2.847067919241339506e+00
2.820566936094031085e+00
2.795700022416467423e+00
2.772480909741402932e+00
2.750923329601584921e+00
2.731067228908943267e+00
2.712873908437877457e+00
2.696383315100313816e+00
2.681530534291471479e+00
2.668276866785740165e+00
2.656531182599155105e+00
2.646280997885286812e+00
2.637408967280995942e+00
2.629876391560670879e+00
2.623670786877887018e+00
2.618727238627852838e+00
2.615138124480867354e+00
2.612864745211315398e+00
2.611947047731134841e+00
2.612398763573079652e+00
2.614259839649075268e+00
2.617517792112696196e+00
2.622160137117516499e+00
2.628174390817108463e+00
2.635548069365047930e+00
2.644242473535722393e+00
2.654271334861889819e+00
2.665595954117936373e+00
2.678203847457441444e+00
2.692082531033978210e+00
2.707271951759472994e+00
2.723759625787502525e+00
2.741559284650817663e+00
2.760684659882175040e+00
2.781149483014317081e+00
2.802915054821645047e+00
2.826021322216087928e+00
2.850377155213682290e+00
2.875996285347177661e+00
2.902840013390969087e+00
2.930843424740269487e+00
2.960046466307011848e+00
2.990358008107229626e+00
3.021817997052854476e+00
3.054492595434997959e+00
3.088395534786411378e+00
3.123560190044362361e+00
3.159941217489097287e+00
3.197591562942918131e+00
3.236485526090581821e+00
3.276571191237678704e+00
3.317796642689782249e+00
3.360136180131661376e+00
3.403537887868893108e+00
3.447949850207061129e+00
3.493346366830925476e+00
3.539675522046071610e+00
3.586911615537260456e+00
3.634976516230892241e+00
3.683870739190909127e+00
3.733542368722897020e+00
3.783939489132430278e+00
3.835036400104276932e+00
3.886807401323193467e+00
3.939200577094768896e+00
3.992190227103759703e+00
4.045724435655749573e+00
4.099803717814677562e+00
4.154376157886128240e+00
4.209416055554863867e+00
4.264897710505642259e+00
4.320769207044048876e+00
4.376978629475664739e+00
4.433526492864432456e+00
4.490360881515931268e+00
4.547429879735745750e+00
4.604734002587814956e+00
4.662195118998542220e+00
4.719787528652691577e+00
4.777485531235019955e+00
4.835237211051115480e+00
4.892990652406553842e+00
4.950693939606921390e+00
5.008347587716157179e+00
5.065899681039845781e+00
5.123272088504386090e+00
5.180465325173724267e+00
5.237427475353436890e+00
5.294132838728289769e+00
5.350529499603863037e+00
5.406591757664918951e+00
5.462267697217038531e+00
5.517531617944983147e+00
5.572305388775158796e+00
5.626589524771503648e+00
5.680305894860420146e+00
5.733383570436852317e+00
5.785859078907442665e+00
5.837723719389013688e+00
5.888968790998387881e+00
5.939559377473212720e+00
5.989512993309489275e+00
6.038820937624037377e+00
6.087474509533687517e+00
6.135491223534438099e+00
6.182836163363934823e+00
6.229526843518178758e+00
6.275502132355637031e+00
6.320805759751490172e+00
6.365429024822561566e+00
6.409310795927317450e+00
6.452494802940938357e+00
6.494919914221890522e+00
6.536603644266175905e+00
6.577537292190618778e+00
6.617659726353681826e+00
6.657014676630550021e+00
6.695541011379686047e+00
6.733230029717915066e+00
6.770099246141237259e+00
6.806087529008119752e+00
6.841186177435385041e+00
6.875386490539859174e+00
6.908679767438359320e+00
6.941031091868536507e+00
6.972405547568030215e+00
7.002794433653665607e+00
7.032189049242266066e+00
7.060554478071474627e+00
7.087855803878936989e+00
7.114058110402296187e+00
7.139152696758376493e+00
7.163104646684819166e+00
7.185879043919272569e+00
7.207440972199377072e+00
7.227781730641956948e+00
7.246840187605477546e+00
7.264607642206764027e+00
7.281049178183456760e+00
7.296129879273201446e+00
7.309814829213642895e+00
7.322069111742424141e+00
7.332857810597188220e+00
7.342146009515581717e+00
7.349872576856066431e+00
7.356002596356288059e+00
7.360539817599730306e+00
7.363485361278149455e+00
7.364879013929147789e+00
7.364760562090324925e+00
7.363117361540918893e+00
7.360041629576889122e+00
7.355520721977474530e+00
7.349620640659455972e+00
7.342328741402071479e+00
7.333711026122099241e+00
7.323781065977960303e+00
7.312552432128074820e+00
7.300064911110038857e+00
7.286358289461453808e+00
7.271419922961560367e+00
7.255315813527134949e+00
7.238033316937418249e+00
7.219612219730010771e+00
7.200092308442510358e+00
7.179434723474980018e+00
7.157731682123372074e+00
7.134970540166931663e+00
7.111164868764078051e+00
7.086354454452407303e+00
7.060552868390342240e+00
7.033747466357120892e+00
7.005978034890343764e+00
6.977284360527608698e+00
6.947653799048156387e+00
6.917099921610406987e+00
6.885636299372778879e+00
6.853302718872871679e+00
6.820086535889926083e+00
6.786027536961539042e+00
6.751086862487773566e+00
6.715330514385407845e+00
6.678745848433680798e+00
6.641346435791012581e+00
6.603145847615822461e+00
6.564157655066531483e+00
6.524369213922378563e+00
6.483820310720961544e+00
6.442524516620702357e+00
6.400442972021661348e+00
6.357615463461436356e+00
6.314055562098446650e+00
6.269776839091113274e+00
6.224740434839494796e+00
6.179012351260372959e+00
6.132553728753805444e+00
6.085408841642022892e+00
6.037587484627416679e+00
5.989103940197011866e+00
5.940051136975364798e+00
5.890390926691143392e+00
5.840216237968904878e+00
5.789488922537316284e+00
5.738328124400113417e+00
5.686695695285964192e+00
5.634658348440245490e+00
5.582230366349984152e+00
5.529452246881378485e+00
5.476364487900633016e+00
5.423007587273948715e+00
5.369369612109166745e+00
5.315517275651671980e+00
5.261464860388485931e+00
5.207252864185806018e+00
5.152895569530661746e+00
5.098433474289248757e+00
5.043880860948593003e+00
4.989304442754075808e+00
4.934692286813536555e+00
4.880111106372362784e+00
4.825575183917570676e+00
4.771125017315364758e+00
4.716774889052768316e+00
4.662591512375160896e+00
4.608589169769568450e+00
4.554808359102187509e+00
4.501263362860044914e+00
4.448020894288519322e+00
4.395042805116275986e+00
4.342422023967874800e+00
4.290172833330338165e+00
4.238335731069867940e+00
4.186898784294306175e+00
4.135954921628218095e+00
4.085492210179440420e+00
4.035551147814178563e+00
3.986198447777813847e+00
3.937448392557367782e+00
3.889315264639862768e+00
3.841865777270680571e+00
3.795087997557662796e+00
3.749074854125372447e+00
3.703814414081653794e+00
3.659373390671883719e+00
3.615739851003906491e+00
3.572980508323106097e+00
3.531154930662711688e+00
3.490215459069820891e+00
3.450185935516916214e+00
3.411090201976483272e+00
3.372899669662646094e+00
3.335611965168713056e+00
3.299224715087988091e+00
3.263787976772137167e+00
3.229220730676919615e+00
3.195599249533184860e+00
3.162868729175881466e+00
3.131026796198308926e+00
3.100097292572954633e+00
3.070104060272302871e+00
3.040992295131299095e+00
3.012785839122428477e+00
2.985508534218176191e+00
2.959158007011845282e+00
2.933731884096742348e+00
2.909254007445354784e+00
2.885695788271801288e+00
2.863081068548571917e+00
2.841407474868970606e+00
2.820698849205481196e+00
2.800979033530591078e+00
2.782219439058420729e+00
2.764470123140640112e+00
2.747702496991368371e+00
2.731914187203916100e+00
2.717181466509125176e+00
2.703423315362761592e+00
2.690716006495669443e+00
2.679057166501150888e+00
2.668418206593337505e+00
2.658849184123890819e+00
2.650347725686112543e+00
2.642963888631671754e+00
2.636669084174691147e+00
2.631513369666835356e+00
2.627520587080588665e+00
2.624688363009257674e+00
2.623066754804505685e+00
2.622679604438815204e+00
2.623498323126316034e+00
2.625572968218667924e+00
2.628927381688358267e+00
2.633559190128692329e+00
2.639518450891332080e+00
2.646776575190406877e+00
2.655409835756754156e+00
2.665379415444071309e+00
2.676736660560206982e+00
2.689391612156682765e+00
2.703306742043373401e+00
2.718496952788522325e+00
2.734898500822827927e+00
2.752473857956164505e+00
2.771211711377596032e+00
2.791048317517820010e+00
2.811972363565891975e+00
2.833946321331695106e+00
2.856932662625108144e+00
2.880893859256006273e+00
2.905818598413450804e+00
2.931695567286500825e+00
2.958461022305850285e+00
2.986156081418923858e+00
3.014690785677239138e+00
3.044106253028209252e+00
3.074338739902539697e+00
3.105376933489286895e+00
3.137209520977504607e+00
3.169798974177081785e+00
3.203133980277065529e+00
3.237150795708163109e+00
3.271864323038609523e+00
3.307237034078283067e+00
3.343231400637064255e+00
3.379862325283190749e+00
3.417092279826541734e+00
3.454909951456174522e+00
3.493277811981966963e+00
3.532184548592980367e+00
3.571645063857451508e+00
3.611595614206081883e+00
3.652051102207101607e+00
3.692973999670400076e+00
3.734379209164206515e+00
3.776202987119226862e+00
3.818486451482874688e+00
3.861139643306671587e+00
3.904229895917213256e+00
3.947667250366019509e+00
3.991492824600507472e+00
4.035642875051379086e+00
4.080132304286872902e+00
4.124923584116862330e+00
4.170005401730410455e+00
4.215392659695755384e+00
4.261074045201950433e+00
4.307009259328069106e+00
4.353199350988291805e+00
4.399590167607628999e+00
4.446232418127813446e+00
4.493019519215495805e+00
4.539975964433228484e+00
4.587073816585202302e+00
4.634232707717249156e+00
4.681477131391921453e+00
4.728779150413409127e+00
4.776084612206725311e+00
4.823365579576060824e+00
4.870620330704787726e+00
4.917794713017917374e+00
4.964887004698822714e+00
5.011869268551690126e+00
5.058713567380717535e+00
5.105365748610913634e+00
5.151850305804829944e+00
5.198139301766657283e+00
5.244152368542229325e+00
5.289940215073274388e+00
5.335422473405627919e+00
5.380597421722657536e+00
5.425437122828560277e+00
5.469939854906701981e+00
5.514025250002916323e+00
5.557717801679753933e+00
5.600963357362229722e+00
5.643760195233711308e+00
5.686027947340031474e+00
5.727791107243746183e+00
5.768995522369858797e+00
5.809613255522568132e+00
5.849642584885242691e+00
5.889055573262070631e+00
5.927824283457250765e+00
5.965920778274970360e+00
6.003317120519419348e+00
6.040011588373973339e+00
6.075950029263640140e+00
6.111130721371794472e+00
6.145499512123446806e+00
6.179028464322787073e+00
6.211715856153189996e+00
6.243481319660484807e+00
6.274349348407223914e+00
6.304265789818420451e+00
6.333202706698262574e+00
6.361132161850945543e+00
6.388032563439466571e+00
6.413907701062054656e+00
6.438741494296569279e+00
6.462570293479221739e+00
6.485404233567053645e+00
6.507253449517098609e+00
6.528075645528034876e+00
6.547933387315259424e+00
6.566784379077447831e+00
6.584664971150818502e+00
6.601559083113227366e+00
6.617503065300889276e+00
6.632480837291663711e+00
6.646502534042586952e+00
6.659552075131514925e+00
6.671665810894663373e+00
6.682827660909891776e+00
6.693047760134233748e+00
6.702336243524729120e+00
6.710677030659233822e+00
6.718080256494781466e+00
6.724556055988413661e+00
6.730062133338806873e+00
6.734661054261352753e+00
6.738310522954732207e+00
6.741020674375983290e+00
6.742775428102961044e+00
6.743584919092700858e+00
6.743433066923062214e+00
6.742330006551080501e+00
6.740285872933792888e+00
6.737284585649058855e+00
6.733310064274729001e+00
6.728346228388667249e+00
6.722429428327086676e+00
6.715517368288663747e+00
6.707593967851260608e+00
6.698695577351087671e+00
6.688806116366004417e+00
6.677883289094689090e+00
6.665937230494177079e+00
6.652951860142325202e+00
6.638911097616992940e+00
6.623825077875215683e+00
6.607677720494849360e+00
6.590452945053753453e+00
6.572134671129783001e+00
6.552706818300794822e+00
6.532179521523829635e+00
6.510510484997558578e+00
6.487717754718346441e+00
6.463798590081475837e+00
6.438810592279915035e+00
6.412785147127451957e+00
6.385727425058695061e+00
6.357695027266611731e+00
6.328719339564988111e+00
6.298779317009255863e+00
6.267958776171559165e+00
6.236289102865689493e+00
6.203749252147070514e+00
6.170396825208671387e+00
6.136263207864281810e+00
6.101353570548509353e+00
6.065725514454319622e+00
6.029384210016321965e+00
5.992334827669127506e+00
5.954661183984876871e+00
5.916316018639824037e+00
5.877383148206114960e+00
5.837841527739177749e+00
5.797748758431979788e+00
5.757083795339950072e+00
5.715930455035235447e+00
5.674241477194085448e+00
5.632100678388645143e+00
5.589487013674346194e+00
5.546405653485794396e+00
5.502940414395138369e+00
5.459044036078625872e+00
5.414800335108404639e+00
5.370162051160723315e+00
5.325186785428551062e+00
5.279879708346493672e+00
5.234272205728339067e+00
5.188343232629518909e+00
5.142150390242997027e+00
5.095698849003382769e+00
5.048993779345286370e+00
5.002066567082493087e+00
4.954896167270433693e+00
4.907540181102073795e+00
4.860003779012022740e+00
4.812265916055709525e+00
4.764384193426099756e+00
4.716363781557803669e+00
4.668183635506249374e+00
4.619901356464403364e+00
4.571495899487694636e+00
4.522998650389912889e+00
4.474416433918273484e+00
4.425762692070430049e+00
4.377078736535824355e+00
4.328353448245539248e+00
4.279654354268195071e+00
4.230944120155695209e+00
4.182290272976661782e+00
4.133707909041356210e+00
4.085185909280862226e+00
4.036765585384618937e+00
3.988462033662890871e+00
3.940316565805119353e+00
3.892318062742385454e+00
3.844481620784952813e+00
3.796874767001442663e+00
3.749486382322935629e+00
3.702331563059696684e+00
3.655425405521986804e+00
3.608809221399247757e+00
3.562471891622561060e+00
3.516454727881370257e+00
3.470799041865114898e+00
3.425467499125700588e+00
3.380501411352567764e+00
3.335915874855977403e+00
3.291752201325372607e+00
3.248025487071015238e+00
3.204724613023987256e+00
3.161890890873732651e+00
3.119539416930510622e+00
3.077685287504585698e+00
3.036369814285396096e+00
2.995555662824849641e+00
2.955310360191564900e+00
2.915649002695804182e+00
2.876560471268649444e+00
2.838059862220364327e+00
2.800214702619568730e+00
2.762987658018166481e+00
2.726446255484779257e+00
2.690579375950488128e+00
2.655428331104735751e+00
2.620982001878605416e+00
2.587307915340717912e+00
2.554368737042975290e+00
2.522205778674819765e+00
2.490860351925693106e+00
2.460347553105858953e+00
2.430656263146397489e+00
2.401827793736752259e+00
2.373872217809177343e+00
2.346779514783903675e+00
2.320560856082335199e+00
2.295201197746695065e+00
2.270659280440027405e+00
2.246972490962913849e+00
2.224125785357580654e+00
2.202077904287070620e+00
2.180866234551966709e+00
2.160449516815311277e+00
2.140838922498510932e+00
2.122019407643787492e+00
2.104002143672544012e+00
2.086772086627005418e+00
2.070314192549395305e+00
2.054613417481934601e+00
2.039707148225209377e+00
2.025554125442263320e+00
2.012139305175319581e+00
1.999500074224960677e+00
1.987568957875052611e+00
1.976409558305354031e+00
1.965980616178912621e+00
1.956267087537953309e+00
1.947306359183053726e+00
1.939083387156442795e+00
1.931583127500340780e+00
1.924842967015333528e+00
1.918821646364462064e+00
1.913530336969131440e+00
1.908980210250744269e+00
1.905182437630704051e+00
1.902095759772054029e+00
1.899757563475379163e+00
1.898126589403723585e+00
1.897240224357666705e+00
1.897083424379433447e+00
1.897641145511251182e+00
1.898950774553697318e+00
1.900997267549000336e+00
1.903791795918560181e+00
1.907319315704603779e+00
1.911590998328529301e+00
1.916618015211744908e+00
1.922385322396472418e+00
1.928930306683294127e+00
1.936237924114434739e+00
1.944319346111297309e+00
1.953185744095282228e+00
1.962822074108618198e+00
1.973260034597505541e+00
1.984456139832263988e+00
1.996361215728839067e+00
2.009004734340709142e+00
2.022311306204637393e+00
2.036284187994924277e+00
2.050874205627511326e+00
2.066058400397520867e+00
2.081813813600075669e+00
2.098143701909469971e+00
2.115051322000013112e+00
2.132461284408464941e+00
2.150376845809122806e+00
2.168801262876290714e+00
2.187711576905089661e+00
2.207058613811458958e+00
2.226819414890524040e+00
2.246997236816585364e+00
2.267542905505582684e+00
2.288485893010995920e+00
2.309724594490411675e+00
2.331314697376484890e+00
2.353207027585161093e+00
2.375378626411560834e+00
2.397832750529983681e+00
2.420572656614732754e+00
2.443522955202567459e+00
2.466713118346970823e+00
2.490120187343063396e+00
2.513694988106787598e+00
2.537466992691622014e+00
2.561387027013511730e+00
2.585458347746752317e+00
2.609657996186471429e+00
2.633936798248607492e+00
2.658324225986639977e+00
2.682823536074872450e+00
2.707359339050066094e+00
2.731961106965700381e+00
2.756632096496077100e+00
2.781349348936318133e+00
2.806089905581544031e+00
2.830857023106055692e+00
2.855653958184155350e+00
2.880431536731783204e+00
2.905166800044060249e+00
2.929915435553648972e+00
2.954602053797308781e+00
2.979229911449342350e+00
3.003776049804871562e+00
3.028269005998593055e+00
3.052681146731724748e+00
3.076983903786700836e+00
3.101148708945951959e+00
3.125199424750275234e+00
3.149107482982104411e+00
3.172870530803050038e+00
3.196433784616370399e+00
3.219821106962856838e+00
3.243030145004123010e+00
3.266006115143424093e+00
3.288772879921553649e+00
3.311301871120944540e+00
3.333590735903210867e+00
3.355610906050787268e+00
3.377333813346107050e+00
3.398809535709143681e+00
3.419957074163973765e+00
3.440774075872206517e+00
3.461284403374639496e+00
3.481433273074525658e+00
3.501244547512657235e+00
3.520689658471470640e+00
3.539766253112577310e+00
3.558471978597593122e+00
3.576804482088129955e+00
3.594761410745801467e+00
3.612287980973865054e+00
3.629408055313109394e+00
3.646119280925150363e+00
3.662366874213243584e+00
3.678174697718180397e+00
3.693514183222395886e+00
3.708356762508325577e+00
3.722726298116761257e+00
3.736594221830136231e+00
3.749931965430884251e+00
3.762763391459801099e+00
3.775033716320141064e+00
3.786793017931874505e+00
3.797986512698257489e+00
3.808611847780903670e+00
3.818640454962246800e+00
3.828096196783081329e+00
3.836950505025839231e+00
3.845148596093776572e+00
3.852740547906866375e+00
3.859671576868363374e+00
3.865939330139879893e+00
3.871567670262208161e+00
3.876479186805712462e+00
3.880741900421793122e+00
3.884374989549778334e+00
3.887318986491459238e+00
3.889671715823703746e+00
3.891373709848302109e+00
3.892444147004582966e+00
3.892928421111054416e+00
3.892793279848686172e+00
3.892084117035987223e+00
3.890767680353927727e+00
3.888863148241835876e+00
3.886389699139040310e+00
3.883340296105691092e+00
3.879734117581117303e+00
3.875590342004647582e+00
3.870901932436431103e+00
3.865661851936617932e+00
3.859889278944536262e+00
3.853577176520335712e+00
3.846770938482523938e+00
3.839437312512072431e+00
3.831621692427488401e+00
3.823290825909741564e+00
3.814463891398162332e+00
3.805133851952898993e+00
3.795346101392460092e+00
3.785041172018635436e+00
3.774290673029113474e+00
3.763061352104865254e+00
3.751346172306038174e+00
3.739164312071962204e+00
3.726534949841965982e+00
3.713424833297019223e+00
3.699853140876451008e+00
3.685839051019591306e+00
3.671375526786587962e+00
3.656455531237590595e+00
3.641098242811929175e+00
3.625296624569751991e+00
3.609043639571208661e+00
3.592358466255628269e+00
3.575207852303981415e+00
3.557637191534775312e+00
3.539613231628980117e+00
3.521155151025925800e+00
3.502229697406581188e+00
3.482882264589453936e+00
3.463079600255516866e+00
3.442814667464916489e+00
3.422110378812142972e+00
3.400978368133154905e+00
3.379434003419068411e+00
3.357492652661000943e+00
3.335195899229249861e+00
3.312532895735753158e+00
3.289545225550808638e+00
3.266222041286352962e+00
3.242620655540192409e+00
3.218732842462181942e+00
3.194579213119274730e+00
3.170180378578426605e+00
3.145551706830751915e+00
3.120708565867370332e+00
3.095671566755234139e+00
3.070456077485463453e+00
3.045074844511254764e+00
3.019548478899562571e+00
2.993889727103587362e+00
2.968113957114445256e+00
2.942236536923255930e+00
2.916267591445298901e+00
2.890222488671692957e+00
2.864116596593555109e+00
2.837962661664085839e+00
2.811776051874402160e+00
2.785566892139785367e+00
2.759347928913435499e+00
2.733131908648552599e+00
2.706931577798335820e+00
2.680757061278066455e+00
2.654623727078863293e+00
2.628541700116006741e+00
2.602518483766860236e+00
2.576569446022543897e+00
2.550702090260418053e+00
2.524926541395767110e+00
2.499255545881789775e+00
2.473696607095849043e+00
2.448259849953227985e+00
2.422958020907124421e+00
2.397793380259068297e+00
2.372778674462257431e+00
2.347918785356138738e+00
2.323229080931829227e+00
2.298711821490857066e+00
2.274377131948503994e+00
2.250229894144215148e+00
2.226282854531190569e+00
2.202538273410958425e+00
2.179006709154830634e+00
2.155697832420322868e+00
2.132619125783063563e+00
2.109780693356598569e+00
2.087190017716556767e+00
2.064857202976484452e+00
2.042789731712010060e+00
2.020995086498761140e+00
1.999483371450284430e+00
1.978262069142208590e+00
1.957338662150161168e+00
1.936718011511853632e+00
1.916412842878748801e+00
1.896428017288558365e+00
1.876771017316909873e+00
1.857449325539431984e+00
1.838470424531753133e+00
1.819841796869501538e+00
1.801568303590386888e+00
1.783657427270038731e+00
1.766103542794494885e+00
1.748945591194398519e+00
1.732167461204117576e+00
1.715760906171772460e+00
1.699743894824662593e+00
1.684160611269268637e+00
1.668950378095351406e+00
1.654157379409390227e+00
1.639799583938686078e+00
1.625868745031359586e+00
1.612356616035530488e+00
1.599281165678499539e+00
1.586634147308387588e+00
1.574459745031673963e+00
1.562723496817299385e+00
1.551443371392564829e+00
1.540637337484769942e+00
1.530297148442034905e+00
1.520440772991660472e+00
1.511059964481767270e+00
1.502172691639655833e+00
1.493744492434266213e+00
1.485845766351257868e+00
1.478442051359571963e+00
1.471525100807329789e+00
1.465139098801009787e+00
1.459275798688734360e+00
1.453926953818621914e+00
1.449110532917973870e+00
1.444818289334911299e+00
1.441065798731209657e+00
1.437832849127371082e+00
1.435149266236732668e+00
1.432940014255913885e+00
1.431261134277430402e+00
1.430063805877082261e+00
1.429377854768206113e+00
1.429154460526600667e+00
1.429397233486422891e+00
1.430109783981830862e+00
1.431295722346982213e+00
1.432906228157676543e+00
1.434971127127249169e+00
1.437494029589859057e+00
1.440399899742124790e+00
1.443744778676563367e+00
1.447506061348153183e+00
1.451661142711871300e+00
1.456213633101876681e+00
1.461167142852326295e+00
1.466499066918198091e+00
1.472213015633649480e+00
1.478312599332839428e+00
1.484748997591565756e+00
1.491552036123165337e+00
1.498699109882616565e+00
1.506220044583256756e+00
1.514066019800883733e+00
1.522240645869656905e+00
1.530773748502911369e+00
1.539590291897268148e+00
1.548746317145242690e+00
1.558219219201812944e+00
1.568012608401137653e+00
1.578077664319015083e+00
1.588444212668780997e+00
1.599115863784595026e+00
1.610070012621434676e+00
1.621310269513457136e+00
1.632840244794820483e+00
1.644637333420503555e+00
1.656705145724661543e+00
1.669047292041454744e+00
1.681667382705039460e+00
1.694569028049573545e+00
1.707729623030035393e+00
1.721152777980583304e+00
1.734815887856193672e+00
1.748748778370204926e+00
1.762928844477594126e+00
1.777357425301048011e+00
1.792000559738174514e+00
1.806900661612652392e+00
1.821969067852260427e+00
1.837248192280674042e+00
1.852701802584032054e+00
1.868319881827651630e+00
1.884092413076850159e+00
1.900009379396944809e+00
1.916034548474073507e+00
1.932157903373554753e+00
1.948395642539884509e+00
1.964711533659201814e+00
1.981095559796822059e+00
1.997537704018064852e+00
2.014001734009065903e+00
2.030530063593503520e+00
2.047060245078335949e+00
2.063634692287239059e+00
2.080190957527170870e+00
2.096745239242629566e+00
2.113261305119752631e+00
2.129781568982215489e+00
2.146269798516157401e+00
2.162689761407716293e+00
2.179057656101388130e+00
2.195363465662490743e+00
2.211597173156342411e+00
2.227722546269080173e+00
2.243755783445200436e+00
2.259686867750021477e+00
2.275531997628040592e+00
2.291228725386215359e+00
2.306793249469043072e+00
2.322215552941842009e+00
2.337485618869928228e+00
2.352619645697799466e+00
2.367581401111593653e+00
2.382387083555806750e+00
2.397000460716578019e+00
2.411437731038404753e+00
2.425688877586602565e+00
2.439743883426489734e+00
2.453592731623384982e+00
2.467225405242603031e+00
2.480631887349463494e+00
2.493828376388462331e+00
2.506778640045738804e+00
2.519498876765788431e+00
2.531952854234749584e+00
2.544156636468101418e+00
2.556099534386070182e+00
2.567796939859046113e+00
2.579238029378236874e+00
2.590385764055673334e+00
2.601255535761742621e+00
2.611862736366834969e+00
2.622196542362158045e+00
2.632246130238922177e+00
2.641974461109156014e+00
2.651423142222428364e+00
2.660581350069949114e+00
2.669412045763746022e+00
2.677930621174208436e+00
2.686126252792545799e+00
2.694014332489146124e+00
2.701557821376040280e+00
2.708798326702795745e+00
2.715672594202262591e+00
2.722248446503188202e+00
2.728488844717602557e+00
2.734382965336714211e+00
2.739919984851733048e+00
2.745115295133047528e+00
2.749958072671866649e+00
2.754463709338578425e+00
2.758595166245213282e+00
2.762341619882980215e+00
2.765770892880627052e+00
2.768793515591823517e+00
2.771477310645317882e+00
2.773785239153141013e+00
2.775706477606499245e+00
2.777282633254963606e+00
2.778476667210561413e+00
2.779277755964502994e+00
2.779727506766357159e+00
2.779788880728150779e+00
2.779477269720274979e+00
2.778755634854759737e+00
2.777665583381171643e+00
2.776170076411539789e+00
2.774284505816255741e+00
2.772024263465704852e+00
2.769352310471918877e+00
2.766257823326105481e+00
2.762782409277834361e+00
2.758915244818313184e+00
2.754619291059572816e+00
2.749909939872000386e+00
2.744804088695972588e+00
2.739298441872624945e+00
2.733391209313083436e+00
2.727080600928471377e+00
2.720417257388272336e+00
2.713346957845251595e+00
2.705920342968890946e+00
2.698135622670314593e+00
2.689991006860647627e+00
2.681510920830193712e+00
2.672667359110896257e+00
2.663484746993059371e+00
2.653961294387808145e+00
2.644121426585444024e+00
2.633963353497092541e+00
2.623511500413057806e+00
2.612737861865282341e+00
2.601666863144071140e+00
2.590322929539727426e+00
2.578678055584195938e+00
2.566782881946959360e+00
2.554593673932454845e+00
2.542153207596411946e+00
2.529454449774117819e+00
2.516500853452534159e+00
2.503301114694454821e+00
2.489858686486840611e+00
2.476179643354570192e+00
2.462267438284601262e+00
2.448130767339732117e+00
2.433775705044840088e+00
2.419203082848966790e+00
2.404424218352826159e+00
2.389442564543377223e+00
2.374264195945499534e+00
2.358889944008234707e+00
2.343323261718541772e+00
2.327572845139217250e+00
2.311639525719302757e+00
2.295529377983676955e+00
2.279243233381381017e+00
2.262787166437293607e+00
2.246167251676292054e+00
2.229386942085336720e+00
2.212449690651387080e+00
2.195358950361403938e+00
2.178118174202346324e+00
2.160736058237010759e+00
2.143210812376520114e+00
2.125548511145753938e+00
2.107748670010417325e+00
2.089821269730375519e+00
2.071780218157996067e+00
2.053631558531890278e+00
2.035386577166506505e+00
2.017053938838374805e+00
1.998647551399860722e+00
1.980173458089576677e+00
1.961640323684052944e+00
1.943062056035654850e+00
1.924444698382994590e+00
1.905799537040520963e+00
1.887132615246845724e+00
1.868457840854334417e+00
1.849778635563680940e+00
1.831106285689334090e+00
1.812449456007823700e+00
1.793814189757761524e+00
1.775209151715678724e+00
1.756645628196021658e+00
1.738127040899485554e+00
1.719662054602600465e+00
1.701256712543977478e+00
1.682922301038066060e+00
1.664664863323477073e+00
1.646487821100905524e+00
1.628402460684799102e+00
1.610412203775852369e+00
1.592528336688512125e+00
1.574751659585555963e+00
1.557093458781430684e+00
1.539559777514750039e+00
1.522154037486206146e+00
1.504887525010248250e+00
1.487758418711734754e+00
1.470778004905113123e+00
1.453949705291077699e+00
1.437276941570322597e+00
1.420768378519377872e+00
1.404427437838937420e+00
1.388260162767614103e+00
1.372269975006101372e+00
1.356460296255093567e+00
1.340837169753203106e+00
1.325406638739041298e+00
1.310169503375385069e+00
1.295131806900846616e+00
1.280299592554037913e+00
1.265671038959816697e+00
1.251254810894713465e+00
1.237054353740606683e+00
1.223067964528276041e+00
1.209304450121357677e+00
1.195767374307651565e+00
1.182457679337039824e+00
1.169376307459405240e+00
1.156532065538382614e+00
1.143923274285936875e+00
1.131553497489868221e+00
1.119426298937975961e+00
1.107545242418060960e+00
1.095911270180005115e+00
1.084527946011608401e+00
1.073396212162753383e+00
1.062517010883321511e+00
1.051893905961112985e+00
1.041530461183928447e+00
1.031424997263731491e+00
1.021581077988322317e+00
1.011999645607583265e+00
1.002684263909314311e+00
9.936332536054797160e-01
9.848528000217975364e-01
9.763386023323135099e-01
9.680942243248285006e-01
9.601232297871421517e-01
9.524239394312186135e-01
9.449972955069401159e-01
9.378442402641886666e-01
9.309657159528467174e-01
9.243626648227960541e-01
9.180386506618369857e-01
9.119893726440154724e-01
9.062210160950499027e-01
9.007292801889862366e-01
8.955151071757067038e-01
8.905820608430112806e-01
8.859310834407821966e-01
8.815578741430659671e-01
8.774686182755802033e-01
8.736590150123711984e-01
8.701326281412391506e-01
8.668851568362301308e-01
8.639227864230625276e-01
8.612412160757823010e-01
8.588387665063536014e-01
8.567216230404948174e-01
8.548854848522516869e-01
8.533312941915062178e-01
8.520599933081410837e-01
8.510690598696341036e-01
8.503552209034361820e-01
8.499117388545935903e-01
8.497344977060709015e-01
8.498220029787511010e-01
8.501622740418447455e-01
8.507564379541523447e-01
8.515977571607202812e-01
8.526821156445135719e-01
8.540001543126602979e-01
8.555503786860435556e-01
8.573286727476275848e-01
8.593282989424593232e-01
8.615425197155852644e-01
8.639672190499700921e-01
8.665982809285777133e-01
8.694289677964553986e-01
8.724577851744863555e-01
8.756753739697977768e-01
8.790828612411910603e-01
8.826708878957949533e-01
8.864405809924097435e-01
8.903825814381641779e-01
8.944953947539401318e-01
8.987722833847856529e-01
9.032091313136636490e-01
9.078044440614581045e-01
9.125488625352966565e-01
9.174408922560628454e-01
9.224737956688021656e-01
9.276434567564803002e-01
9.329457595020608229e-01
9.383792094264269412e-01
9.439370689746252596e-01
9.496152221296202400e-01
9.554121744122940907e-01
9.613211882676943043e-01
9.673407692167024230e-01
9.734641797043656064e-01
9.796925467894844752e-01
9.860138898412694752e-01
9.924319574564390845e-01
9.989373905421217170e-01
1.005528694619200580e+00
1.012201753670640025e+00
1.018952451679404181e+00
1.025779294166376143e+00
1.032678165114520041e+00
1.039647570044718528e+00
1.046683392939936841e+00
1.053783469793475591e+00
1.060940336950394247e+00
1.068148482766088980e+00
1.075399774058036773e+00
1.082688699181635128e+00
1.090009746492278886e+00
1.097352161269528947e+00
1.104710431868780374e+00
1.112079046645430003e+00
1.119452493954873340e+00
1.126825262152506779e+00
1.134191839593725382e+00
1.141541471558090270e+00
1.148876511014750745e+00
1.156186203243267263e+00
1.163465036599035107e+00
1.170710120975368973e+00
1.177915944727664144e+00
1.185076996211317457e+00
1.192190385319641832e+00
1.199247978870115583e+00
1.206246886756053183e+00
1.213184218870768216e+00
1.220051842031738776e+00
1.226844244594360811e+00
1.233561157989865986e+00
1.240191827497814536e+00
1.246735984549438570e+00
1.253188117500134036e+00
1.259542714705295996e+00
1.265796886058240256e+00
1.271947741452278624e+00
1.277989769242807938e+00
1.283925322398978608e+00
1.289746267738268282e+00
1.295454958229826481e+00
1.301043260691131742e+00
1.306513528091333143e+00
1.311855005709991584e+00
1.317072668054174001e+00
1.322155760403441294e+00
1.327104014189024683e+00
1.331917160842157388e+00
1.336587067180315280e+00
1.341110843096813943e+00
1.345490841560802453e+00
1.349724172465595062e+00
1.353805324166587498e+00
1.357734028095012091e+00
1.361507394144181982e+00
1.365125156317687827e+00
1.368581815832716764e+00
1.371877119554650193e+00
1.375010814348868404e+00
1.377974782466999892e+00
1.380771392312343249e+00
1.383397769212361572e+00
1.385851038494518406e+00
1.388130947024195150e+00
1.390237241666772539e+00
1.392167047749714115e+00
1.393925355214237216e+00
1.395511910925722354e+00
1.396921218673715659e+00
1.398158268399433801e+00
1.399217563892422245e+00
1.400104095093897882e+00
1.400812365793406178e+00
1.401344744394246833e+00
1.401700977761799916e+00
1.401875569685611334e+00
1.401870888568980567e+00
1.401689302815206428e+00
1.401325316213834160e+00
1.400786540243999179e+00
1.400070100233164583e+00
1.399173121508793693e+00
1.398103215550021261e+00
1.396854886146392749e+00
1.395430501701207637e+00
1.393827187541928581e+00
1.392049933609773582e+00
1.390095865232204853e+00
1.387964729274604458e+00
1.385656272602353578e+00
1.383172863618750581e+00
1.380516870727095391e+00
1.377682797716933250e+00
1.374680877605316542e+00
1.371505614181791399e+00
1.368161997387574491e+00
1.364649774088047218e+00
1.360973934224426474e+00
1.357131603124175578e+00
1.353122527652675933e+00
1.348951697751144652e+00
1.344616238747045056e+00
1.340118519043675960e+00
1.335458285506418763e+00
1.330637906538572501e+00
1.325654888131094555e+00
1.320518745080589307e+00
1.315226265157565466e+00
1.309784722284202951e+00
1.304198768844764489e+00
1.298467814147677091e+00
1.292599132115120009e+00
1.286594753593439222e+00
1.280456709428978268e+00
1.274192273543917286e+00
1.267800855246683289e+00
1.261289728459456638e+00
1.254658302490663901e+00
1.247916472800403520e+00
1.241061027159183539e+00
1.234099239489184541e+00
1.227035762174669475e+00
1.219870004524064022e+00
1.212606618921631574e+00
1.205250257751634191e+00
1.197802951860416298e+00
1.190271975170157814e+00
1.182656736989285973e+00
1.174964511239980913e+00
1.167197328768587283e+00
1.159362463497285001e+00
1.151459324734501077e+00
1.143497807940333733e+00
1.135474700885291233e+00
1.127399899029472241e+00
1.119270190143385690e+00
1.111092848149210832e+00
1.102867282355375345e+00
1.094600766684059145e+00
1.086295331981607104e+00
1.077950387556444900e+00
1.069575828868672085e+00
1.061168443688795815e+00
1.052735505938997562e+00
1.044281668003539387e+00
1.035806339190847858e+00
1.027314171885185257e+00
1.018809818470814532e+00
1.010292688256161586e+00
1.001770055163407003e+00
9.932387069630597143e-01
9.847059175772995276e-01
9.761710963145535658e-01
9.676388955590840002e-01
9.591139676951532245e-01
9.505959717283117838e-01
9.420881869905265438e-01
9.335993855867236180e-01
9.251304750080752148e-01
9.166849842836719553e-01
9.082716855184407301e-01
8.998888646656352241e-01
8.915452938301824393e-01
8.832392589653366155e-01
8.749769106381062311e-01
8.667591563396643828e-01
8.585947681749367399e-01
8.504820320971780978e-01
8.424244771354788552e-01
8.344282538568477126e-01
8.264968912903748466e-01
8.186286753893150525e-01
8.108323782585944439e-01
8.031089073893858954e-01
7.954617918107793617e-01
7.878945605518662409e-01
7.804081211038180754e-01
7.730060024957257081e-01
7.656943552945976172e-01
7.584688439157706297e-01
7.513382404641705259e-01
7.443034524309705136e-01
7.373653873073425791e-01
7.305275741223776764e-01
7.237935419051658714e-01
7.171615766089618482e-01
7.106378288007741961e-01
7.042232059717753456e-01
6.979212371510556956e-01
6.917302082918699302e-01
6.856536484233084483e-01
6.796950865744617598e-01
6.738554302365024062e-01
6.681382084385207865e-01
6.625417071337714736e-01
6.570694553513450886e-01
6.517249821203321414e-01
6.465065733939868720e-01
6.414177582014000123e-01
6.364594440337441039e-01
6.316299168442736089e-01
6.269353271999973387e-01
6.223739610541690892e-01
6.179467258979620681e-01
6.136545292225484838e-01
6.094982506389088339e-01
6.054786582372555515e-01
6.015964922276088034e-01
5.978524928199884236e-01
5.942500217623331027e-01
5.907845761888266267e-01
5.874595178474075752e-01
5.842729654101775916e-01
5.812256590871575090e-01
5.783209606262850189e-01
5.755543671617446844e-01
5.729266189035563395e-01
5.704410775996587857e-01
5.680932403842358092e-01
5.658864690052255453e-01
5.638188821347300816e-01
5.618912199827702514e-01
5.601016012214476980e-01
5.584533875987007789e-01
5.569394547107957560e-01
5.555657858435889551e-01
5.543278781312643844e-01
5.532264717838424328e-01
5.522596854734250771e-01
5.514308809479506746e-01
5.507329338036855981e-01
5.501692057885679832e-01
5.497378155746998063e-01
5.494395033721015675e-01
5.492697663149574971e-01
5.492293446132874291e-01
5.493189784771123074e-01
5.495341650406154743e-01
5.498756445138178739e-01
5.503441571067393401e-01
5.509351999535644362e-01
5.516468917263949168e-01
5.524825941731695833e-01
5.534351828901541426e-01
5.545080196252870630e-01
5.556966015127524638e-01
5.570016687625707341e-01
5.584187185089263261e-01
5.599484909618389628e-01
5.615917263313290331e-01
5.633413002136629100e-01
5.652005743567788398e-01
5.671650458948609419e-01
5.692328335000115258e-01
5.714046773822506475e-01
5.736759602626512189e-01
5.760442287477571810e-01
5.785095365689194580e-01
5.810693159195703394e-01
5.837183774552243687e-01
5.864541533693145015e-01
5.892766973931909957e-01
5.921808201823686169e-01
5.951665754681978449e-01
5.982287739061932230e-01
6.013674692277055644e-01
6.045774720882495235e-01
6.078562146812572786e-01
6.112037507380797541e-01
6.146148909142314931e-01
6.180870674031448964e-01
6.216177123982528085e-01
6.252068796309058207e-01
6.288467582187001748e-01
6.325400234309050962e-01
6.362788643851164938e-01
6.400633348126852917e-01
6.438908669070444457e-01
6.477562713237079439e-01
6.516596017940264884e-01
6.555982905114330350e-01
6.595671481314419049e-01
6.635636068474856097e-01
6.675877203909149626e-01
6.716342994172443959e-01
6.757033976578247225e-01
6.797898257681703749e-01
6.838936374796317219e-01
6.880096434477238621e-01
6.921352758658790849e-01
6.962705884654476485e-01
7.004077703640270158e-01
7.045494968308850803e-01
7.086905785215366071e-01
7.128258260914961397e-01
7.169579148100325705e-01
7.210816553326602207e-01
7.251944798528117131e-01
7.292964421018376386e-01
7.333797311973344613e-01
7.374470224085710734e-01
7.414931263910620185e-01
7.455180968761576654e-01
7.495141229814547001e-01
7.534838799762217931e-01
