# te
1.253707607609398922e+00
1.473243575694493490e+00
1.440869802210207773e+00
1.274214217045044784e+00
1.057034461010985860e+00
8.407653863746877843e-01
6.550060240165747061e-01
5.117318636471999138e-01
4.147246117845657110e-01
3.612096425715308756e-01
3.438521306473057426e-01
3.510339958337488908e-01
3.704277241871743453e-01
3.951809119030660344e-01
4.227148332695514488e-01
4.498030697102926578e-01
4.742595132478387154e-01
4.972180523927528517e-01
5.176477847643008445e-01
5.390962814183128948e-01
5.635945381917740749e-01
5.908311871958710215e-01
6.197619544840377026e-01
6.471803828537270320e-01
6.736071578661919634e-01
6.979447755768064532e-01
7.172610971887383169e-01
7.332220072472567240e-01
7.436239777018296415e-01
7.522983244393942615e-01
7.575084443388768740e-01
7.589918850575964049e-01
7.576903248038260319e-01
7.518975990687474242e-01
7.464489087268647571e-01
7.383148218930313256e-01
7.268314393716857058e-01
7.111549952691889054e-01
6.900362955536648579e-01
6.626099270384585571e-01
6.295220060765354120e-01
5.916556237426775500e-01
5.493276189213890381e-01
5.027473474425386835e-01
4.521627110189823107e-01
3.973204104160379391e-01
3.378352923173444378e-01
2.733484187857198600e-01
2.035498746430481620e-01
1.282430928137343884e-01
4.761359280090034923e-02
-3.813166890921427382e-02
-1.290889429059597637e-01
-2.254849275054836566e-01
-3.277084975211339568e-01
-4.358920691427514149e-01
-5.498642304770829936e-01
-6.693521161134504682e-01
-7.939360545177711614e-01
-9.232653817848495148e-01
-1.057391298345105479e+00
-1.196470713788696738e+00
-1.340657916167864672e+00
-1.490128165838193075e+00
-1.645058593206635500e+00
-1.805337575100894654e+00
-1.970779333800421140e+00
-2.141208577736338547e+00
-2.316518175325636530e+00
-2.496660037216899664e+00
-2.681761947612976371e+00
-2.871918979121183213e+00
-3.066848702888651523e+00
-3.266150720856204170e+00
-3.469470678599098079e+00
-3.676449645500227348e+00
-3.887160100650858041e+00
-4.101779384658974514e+00
-4.320537268890920046e+00
-4.543525266788074113e+00
-4.770544013883757373e+00
-5.001386964682223102e+00
-5.235742712171009394e+00
-5.473430926233548988e+00
-5.714142152234096272e+00
-5.957653391181315428e+00
-6.203743596460586041e+00
-6.452217936836471601e+00
-6.702934011831887418e+00
-6.955673955586145318e+00
-7.210337486770965754e+00
-7.466722643295279127e+00
-7.724732324584736354e+00
-7.984164568548267837e+00
-8.244843628473981667e+00
-8.506593757649989485e+00
-8.769239209364402043e+00
-9.032578021526150636e+00
-9.296408232044164777e+00
-9.560527878827375758e+00
-9.824813645922253258e+00
-1.008895870972100894e+01
-1.035281353889093303e+01
-1.061614995596177913e+01
-1.087871356808411605e+01
-1.114032862854605455e+01
-1.140076695987735000e+01
-1.165977416922856769e+01
-1.191717450988782012e+01
-1.217276703783016778e+01
-1.242627623515764768e+01
-1.267755867893431976e+01
-1.292636608470752613e+01
-1.317250259878296959e+01
-1.341577236746635649e+01
-1.365595332168420128e+01
-1.389282339236303443e+01
-1.412621294118773640e+01
-1.435589989908482700e+01
-1.458166219698083310e+01
-1.480333019656062987e+01
-1.502068182875074953e+01
-1.523349502447771187e+01
-1.544160014542639558e+01
-1.564480133790250171e+01
-1.584287653283256248e+01
-1.603565609190144770e+01
-1.622294416141486550e+01
-1.640451867229934280e+01
-1.658021270750658616e+01
-1.674984401967645553e+01
-1.691325929809482531e+01
-1.707025280128919675e+01
-1.722072364930379962e+01
-1.736443988528696991e+01
-1.750124819852457136e+01
-1.763102149368165072e+01
-1.775360646004408238e+01
-1.786884978689773007e+01
-1.797662437890764764e+01
-1.807675070998051936e+01
-1.816912790016057500e+01
-1.825360263873368183e+01
-1.832999539960653124e+01
-1.839823151820252889e+01
-1.845810525304919025e+01
-1.850951572419073088e+01
-1.855230962091303226e+01
-1.858633363250195458e+01
-1.861149091235154529e+01
-1.862770074725511904e+01
-1.863488645735579752e+01
-1.863302379355507554e+01
-1.862200986061689534e+01
-1.860182040944274462e+01
-1.857237876017575218e+01
-1.853363444833822626e+01
-1.848553700945247513e+01
-1.842806219441998294e+01
-1.836113332338387849e+01
-1.828475236262483250e+01
-1.819881641690679075e+01
-1.810335366788959632e+01
-1.799828743571637801e+01
-1.788361968666780655e+01
-1.775932617164536609e+01
-1.762546128768808273e+01
-1.748200078569744065e+01
-1.732894663195411056e+01
-1.716630079273875964e+01
-1.699409144971122743e+01
-1.681232056915218465e+01
-1.662101633272147794e+01
-1.642025935283731286e+01
-1.621005484918902084e+01
-1.599044727047975378e+01
-1.576151053420052683e+01
-1.552329234246316503e+01
-1.527589282813784699e+01
-1.501941212409476556e+01
-1.475392414782491990e+01
-1.447952903219849752e+01
-1.419635312546485828e+01
-1.390441791435664953e+01
-1.360390217788160250e+01
-1.329487983353071279e+01
-1.297750344493252861e+01
-1.265187314495723214e+01
-1.231814149723336449e+01
-1.197646106538947564e+01
-1.162690576691656474e+01
-1.126962816544318180e+01
-1.090483325535622505e+01
-1.053264738490505792e+01
-1.015327554847658575e+01
-9.766870309699349662e+00
-9.373610447581075533e+00
-8.973648525750304472e+00
-8.567215753973121295e+00
-8.154431727919032369e+00
-7.735520109834033597e+00
-7.310566732488371855e+00
-6.879762290169003869e+00
-6.443271261783715786e+00
-6.001231910861105412e+00
-5.553785122467695956e+00
-5.101150427807544574e+00
-4.643523764243451701e+00
-4.181108933751964685e+00
-3.714106592464134771e+00
-3.242722115279263573e+00
-2.767157731251152164e+00
-2.287617766663933239e+00
-1.804316509645831568e+00
-1.317470869862989113e+00
-8.273056215952979686e-01
-3.340062160538838643e-01
1.621789786400959221e-01
6.610592681996801945e-01
1.162365312200370093e+00
1.665932631734381220e+00
2.171465670998037112e+00
2.678773735704375714e+00
3.187561270049717344e+00
3.697637579747098613e+00
4.208733324372023077e+00
4.720605378879168867e+00
5.233010618223219446e+00
5.745705917358844950e+00
6.258421935861552932e+00
6.770915548686022412e+00
7.282917415407750283e+00
7.794158195602244099e+00
8.304420979603353459e+00
8.813410211607406453e+00
9.320856551189898198e+00
9.826516873305509492e+00
1.033012183752974700e+01
1.083134967267973892e+01
1.133000968446853740e+01
1.182578010171327421e+01
1.231839158398945244e+01
1.280762722163093592e+01
1.329319145883403586e+01
1.377484117055344015e+01
1.425230701636465191e+01
1.472529344046397348e+01
1.519358353318528287e+01
1.565688173872489664e+01
1.611488239701357728e+01
1.656742293857414694e+01
1.701430447428470671e+01
1.745530189964414802e+01
1.789026875628893976e+01
1.831900615509714925e+01
1.874139385308441419e+01
1.915715431499128840e+01
1.956653431314191494e+01
1.996883686620996556e+01
2.036441360803629763e+01
2.075282971108639174e+01
2.113417465540931417e+01
2.150801361347052421e+01
2.187469821911089340e+01
2.223353149100410064e+01
2.258434075540740693e+01
2.292747764616167672e+01
2.326224518194058888e+01
2.358899499658500076e+01
2.390703010876858770e+01
2.421670215233221413e+01
2.451757629974134289e+01
2.481000418483685621e+01
2.509328882629241519e+01
2.536778185794887364e+01
2.563304845227171569e+01
2.588891593551821302e+01
2.613573594152921942e+01
2.637307364277020127e+01
2.660101851929023198e+01
2.681939789734658319e+01
2.702803910319650882e+01
2.722676946309729118e+01
2.741567845709799656e+01
2.759485556524767347e+01
2.776412811380361845e+01
2.792306127523126591e+01
2.807226883716329269e+01
2.821105381827338121e+01
2.833976785240238527e+01
2.845823826580756588e+01
2.856655453853799642e+01
2.866428184305914328e+01
2.875177181321187447e+01
2.882885177525345455e+01
2.889508690164936411e+01
2.895082882624043918e+01
2.899616702907577093e+01
2.903092883641261324e+01
2.905520339539533126e+01
2.906907852154948557e+01
2.907264169749594274e+01
2.906598040585555509e+01
2.904891997545741233e+01
2.902154788892233839e+01
2.898395162887123533e+01
2.893621867792493774e+01
2.887843651870431216e+01
2.881069263383022161e+01
2.873255019833994695e+01
2.864462100243792264e+01
2.854673037495323484e+01
2.843896579850672524e+01
2.832141475571927103e+01
2.819416472921172812e+01
2.805756535539674346e+01
2.791144196310339964e+01
2.775588203495254902e+01
2.759123520735685986e+01
2.741758896293717029e+01
2.723476863052256292e+01
2.704312384652569534e+01
2.684300424735923229e+01
2.663423516185221374e+01
2.641716622641731149e+01
2.619162276988359750e+01
2.595795442866372227e+01
2.571677299296213448e+01
2.546764163781611856e+01
2.521090999963831791e+01
2.494666556104958843e+01
2.467552011225439657e+01
2.439729898208180003e+01
2.411235180694447422e+01
2.382076606946325015e+01
2.352315355984259426e+01
2.321933960691157495e+01
2.290993600087464444e+01
2.259503022435266217e+01
2.227470975996648406e+01
2.194906209033698019e+01
2.161869900566859926e+01
2.128344583479040608e+01
2.094365221411506184e+01
2.059940562626341531e+01
2.025105570764813834e+01
1.989868994089008680e+01
1.954318226998550045e+01
1.918435802376346189e+01
1.882279990049084617e+01
1.845871207689248195e+01
1.809200748396384739e+01
1.772338551407579388e+01
1.735249694443200141e+01
1.697951685981973569e+01
1.660462034502626594e+01
1.622798248483885075e+01
1.584951621025297186e+01
1.546965875984767891e+01
1.508795604930994472e+01
1.470497639411471447e+01
1.432084244829090380e+01
1.393570308124659540e+01
1.354975959314823974e+01
1.316321328416227665e+01
1.277621302369679768e+01
1.238898632729742566e+01
1.200170827975143162e+01
1.161452775046690178e+01
1.122767225498945187e+01
1.084129066272717878e+01
1.045558427384652589e+01
1.007075438851393834e+01
9.686923660758326449e+00
9.304319606125313058e+00
8.923091094022982617e+00
8.543413209238606143e+00
8.165487251938627011e+00
7.789488306910311799e+00
7.415565243561749398e+00
7.043919362059384071e+00
6.674751962569659192e+00
6.308290560638206479e+00
5.944710241052286293e+00
5.584264734736708036e+00
5.227129126478735621e+00
4.873530931823996326e+00
4.523671450938932637e+00
4.177751983989993256e+00
3.835973831143622892e+00
3.498538292566269359e+00
3.165620453045197014e+00
2.837395397367674210e+00
2.514090641079323785e+00
2.195878647429495789e+00
1.882955473508800326e+00
1.575498825642421385e+00
1.273699517845133578e+00
9.777415481331236391e-01
6.877852146194186611e-01
4.039085991864055925e-01
1.261582191995573032e-01
-1.454026301329776893e-01
-4.107263828305607323e-01
-6.697890667538133336e-01
-9.224959282395717164e-01
-1.168804644383033331e+00
-1.408672892279393185e+00
-1.642032133644667713e+00
-1.868918691711591862e+00
-2.089264028196181844e+00
-2.303104466331173494e+00
-2.510397683211759379e+00
-2.711153786691501200e+00
-2.905382884623944673e+00
-3.093016438725113115e+00
-3.274090772227741919e+00
-3.448563562227020984e+00
-3.616444916576508462e+00
-3.777718727750582595e+00
-3.932342672844435949e+00
-4.080326859711624898e+00
-4.221681396205707593e+00
-4.356416390180230636e+00
-4.484646811005473133e+00
-4.606408981914166922e+00
-4.721765441518230411e+00
-4.830804943808754359e+00
-4.933537596639293810e+00
-5.030078369380120762e+00
-5.120489800643148293e+00
-5.204781998281935884e+00
-5.283069931666751096e+00
-5.355363708651156074e+00
-5.421752083226239805e+00
-5.482297594003917141e+00
-5.537062779596096718e+00
-5.586110178614697830e+00
-5.629580975809176380e+00
-5.667563925170618688e+00
-5.700173996069304749e+00
-5.727473727117138758e+00
-5.749604303063583721e+00
-5.766680693278908976e+00
-5.778817867133382080e+00
-5.786235655514003540e+00
-5.789075243170219487e+00
-5.787504030230659957e+00
-5.781715632203144217e+00
-5.771854805215767215e+00
-5.757949514015350267e+00
-5.740031294727336864e+00
-5.718105468098025668e+00
-5.692203570252869049e+00
-5.662330921938149686e+00
-5.628519059279324388e+00
-5.590747087643505253e+00
-5.549125189293678595e+00
-5.503763546492852932e+00
-5.454483972333051156e+00
-5.402156895073479070e+00
-5.346341974014360510e+00
-5.287385329831312930e+00
-5.225370929408164500e+00
-5.160644893420521129e+00
-5.093029034960409263e+00
-5.022869474703441917e+00
-4.950250179533442818e+00
-4.875255116334233030e+00
-4.797706098197829228e+00
-4.718211399591643485e+00
-4.636330679815912958e+00
-4.552934367129847004e+00
-4.467582120833656134e+00
-4.380620061602966686e+00
-4.292394310113394340e+00
-4.202988833248756606e+00
-4.112854613201387899e+00
-4.021865893821664706e+00
-3.930368795785209812e+00
-3.838552147492562128e+00
-3.746630992723433806e+00
-3.654820375257546772e+00
-3.563309123495435049e+00
-3.472338496595993362e+00
-3.382097322959765062e+00
-3.292853077124823002e+00
-3.204873233629242701e+00
-3.118399051631927765e+00
-3.033724221050127401e+00
-2.951063785663554651e+00
-2.870737650768658167e+00
-2.792934644765960428e+00
-2.718000888331087772e+00
-2.646151425243751909e+00
-2.577679945421212260e+00
-2.512880138780722472e+00
-2.452019479860357176e+00
-2.395339227819015981e+00
-2.343108206560848839e+00
-2.295390914420861961e+00
-2.252148337583431914e+00
-2.213472539128813477e+00
-2.179350720620554682e+00
-2.149796299001387911e+00
-2.124822691214029557e+00
-2.104469529580389686e+00
-2.088750231043196237e+00
-2.077704427924348174e+00
-2.071319321787397971e+00
-2.069634544954246813e+00
-2.072689729746804321e+00
-2.080472077728614533e+00
-2.093021221221577743e+00
-2.110403007926784813e+00
-2.132604639407782887e+00
-2.159691963365651279e+00
-2.191704612122299611e+00
-2.228656002620453158e+00
-2.270611982561196118e+00
-2.317585968887250658e+00
-2.369617593920529508e+00
-2.426772705362108873e+00
-2.489064720154721577e+00
-2.556533270620271470e+00
-2.629217989080659290e+00
-2.707184723236976787e+00
-2.790420674652762667e+00
-2.879044121787466270e+00
-2.973068481583810652e+00
-3.072612032501242929e+00
-3.177661976103304919e+00
-3.288336590849443297e+00
-3.404649293682382449e+00
-3.526718363061565942e+00
-3.654531000550542252e+00
-3.788153053850393803e+00
-3.927650370662205237e+00
-4.073036367928705381e+00
-4.224350677971794532e+00
-4.381659148492562217e+00
-4.544983061047485506e+00
-4.714359426420553945e+00
-4.889806904630325413e+00
-5.071346777233283198e+00
-5.259005568861740976e+00
-5.452799317996341877e+00
-5.652757957268696565e+00
-5.858900408851158481e+00
-6.071240435218885345e+00
-6.289720302222649551e+00
-6.514265319095406070e+00
-6.744795551994262617e+00
-6.981238931690085359e+00
-7.223520767415828381e+00
-7.471540153025255648e+00
-7.725232883902989123e+00
-7.984453487758196744e+00
-8.249108923058400933e+00
-8.519106148271120560e+00
-8.794273475726342326e+00
-9.074570294649952018e+00
-9.359851132751110470e+00
-9.649970517738980291e+00
-9.944782977322727646e+00
-1.024419546996988117e+01
-1.054803630801041692e+01
-1.085616001915350459e+01
-1.116842113110830326e+01
-1.148470038696315854e+01
-1.180477366828970531e+01
-1.212852171817627855e+01
-1.245572041819450426e+01
-1.278617186529518612e+01
-1.311970437180831972e+01
-1.345614625006387222e+01
-1.379532581239184807e+01
-1.413699272498467430e+01
-1.448097530017235357e+01
-1.482710185028485661e+01
-1.517517447227298888e+01
-1.552496904770839237e+01
-1.587631388892103423e+01
-1.622898487748254581e+01
-1.658278411034374145e+01
-1.693743503831786867e+01
-1.729271354297657837e+01
-1.764836929051228864e+01
-1.800417816249665037e+01
-1.835986360974291287e+01
-1.871522772920189226e+01
-1.906996775630767260e+01
-1.942380714187352098e+01
-1.977646933671270091e+01
-2.012767779163848303e+01
-2.047718217284330677e+01
-2.082465350038208385e+01
-2.116984144044726790e+01
-2.151241701309377063e+01
-2.185209705245780043e+01
-2.218875543362171143e+01
-2.252239049188672837e+01
-2.285292191641651272e+01
-2.318029561175389830e+01
-2.350443126706257146e+01
-2.382530100226455971e+01
-2.414279829114434150e+01
-2.445681660748642017e+01
-2.476730185583364729e+01
-2.507417372534967015e+01
-2.537735190519818573e+01
-2.567672986916366540e+01
-2.597217487565142591e+01
-2.626355418306677336e+01
-2.655068261905667626e+01
-2.683345365740560595e+01
-2.711168212576051673e+01
-2.738523528252672889e+01
-2.765395417073036199e+01
-2.791770604877673279e+01
-2.817630574431280976e+01
-2.842959430036468760e+01
-2.867743897533769726e+01
-2.891968081225797604e+01
-2.915613463877246048e+01
-2.938666771328647798e+01
-2.961109486344697572e+01
-2.982917848614252421e+01
-3.004073340902010614e+01
-3.024557445972666159e+01
-3.044346403515077171e+01
-3.063424317831858446e+01
-3.081767428611868098e+01
-3.099353024159132985e+01
-3.116159179239055277e+01
-3.132162395694285806e+01
-3.147339175367475406e+01
-3.161666806562651288e+01
-3.175121843553221979e+01
-3.187680630889563460e+01
-3.199317206168683825e+01
-3.210005397264559690e+01
-3.219718560174337796e+01
-3.228430575202752806e+01
-3.236115322654538318e+01
-3.242743799142715488e+01
-3.248294341586480272e+01
-3.252732703523019353e+01
-3.256035124641191913e+01
-3.258176427854389345e+01
-3.259159848967063766e+01
-3.258997693159870579e+01
-3.257699644075548662e+01
-3.255275385356835471e+01
-3.251729357570633283e+01
-3.247076487435516157e+01
-3.241318593980468421e+01
-3.234467982386144769e+01
-3.226531714757366842e+01
-3.217516853198954152e+01
-3.207433081353644155e+01
-3.196284839788339482e+01
-3.184079190607860355e+01
-3.170825817454943873e+01
-3.156531782434412392e+01
-3.141201526113163922e+01
-3.124842110596023304e+01
-3.107463219525725506e+01
-3.089069293469172450e+01
-3.069667394531185423e+01
-3.049267206354503301e+01
-3.027870547968107928e+01
-3.005489724552656838e+01
-2.982126555137132939e+01
-2.957788101826357519e+01
-2.932484048263068388e+01
-2.906213591938331220e+01
-2.878983794956966236e+01
-2.850801719423794012e+01
-2.821666562829879865e+01
-2.791588008817962674e+01
-2.760567876417025701e+01
-2.728618470807726126e+01
-2.695746854094883105e+01
-2.661946980693727127e+01
-2.627257371164092703e+01
-2.591685087610801830e+01
-2.555210976759493846e+01
-2.517842100714989328e+01
-2.479611736961286539e+01
-2.440526947603207830e+01
-2.400594794745570582e+01
-2.359796125114017684e+01
-2.318164216192547755e+01
-2.275679914706801199e+01
-2.232376498140777343e+01
-2.188234813220117658e+01
-2.143288137428820406e+01
-2.097543532871706518e+01
-2.051009056580051038e+01
-2.003696745290946879e+01
-1.955645846047122660e+01
-1.906816959753766128e+01
-1.857275548832786427e+01
-1.807008429568551122e+01
-1.756054849003788831e+01
-1.704454054181227463e+01
-1.652166646006055117e+01
-1.599258086900180054e+01
-1.545741408527150540e+01
-1.491603427171335916e+01
-1.436883389875461603e+01
-1.381594328303079600e+01
-1.325775489496915682e+01
-1.269439905120516698e+01
-1.212574391458253764e+01
-1.155218195552855320e+01
-1.097384349067866793e+01
-1.039138314425197684e+01
-9.804669079092162676e+00
-9.214093765626499177e+00
-8.620049674282276087e+00
-8.022667121694963654e+00
-7.422076424500043679e+00
-6.818932206916602290e+00
-6.213102631788316010e+00
-5.605242323334264753e+00
-4.994957290606358846e+00
-4.383164311615418640e+00
-3.769993702996961904e+00
-3.155313627594677151e+00
-2.539778709627625641e+00
-1.923257111939512320e+00
-1.306665612541193067e+00
-6.898723742763478439e-01
-7.326986757226965075e-02
5.427494371437736609e-01
1.158055223236291509e+00
1.772517174069792700e+00
2.385218511633430793e+00
2.996028919291714221e+00
3.604818080409144976e+00
4.211193524558479950e+00
4.814762781312408535e+00
5.414871226451844599e+00
6.011650697133141819e+00
6.604446569137222056e+00
7.192866372036765377e+00
7.776517635404549544e+00
8.355329733154444938e+00
8.929208647606195370e+00
9.497595744045328914e+00
1.006098100292457254e+01
1.061906794332124981e+01
1.117182223810446473e+01
1.171920956014334259e+01
1.226067127472344787e+01
1.279669736229747024e+01
1.332699134194274038e+01
1.385151888652838537e+01
1.437024566892351629e+01
1.488287520820547449e+01
1.538989748482698161e+01
1.589075386407354351e+01
1.638567217260609610e+01
1.687461808329377888e+01
1.735755726900566032e+01
1.783393109502733509e+01
1.830370523422790185e+01
1.876684535947646637e+01
1.922331714364220190e+01
1.967256195201058233e+01
2.011454545745075606e+01
2.054923333283186437e+01
2.097606694343941314e+01
2.139527411593433825e+01
2.180629621560217402e+01
2.220936106910379593e+01
2.260364788793300050e+01
2.298938449875068102e+01
2.336627442063416282e+01
2.373454548024438537e+01
2.409363904286684033e+01
2.444378293516249201e+01
2.478494283000042842e+01
2.511656009266622291e+01
2.543912470361252787e+01
2.575181587433314334e+01
2.605486143148894129e+01
2.634717843278190230e+01
2.662899470487291254e+01
2.689975161304752760e+01
2.715915267638306219e+01
2.740663926016506480e+01
2.764243919105443936e+01
2.786599383433672728e+01
2.807726886288103074e+01
2.827596779576472485e+01
2.846231845964868157e+01
2.863556620224652960e+01
2.879626953131856126e+01
2.894452878326134737e+01
2.908018214067966412e+01
2.920385424755366088e+01
2.931512113269632636e+01
2.941486959387962585e+01
2.950241350612472857e+01
2.957837751341181232e+01
2.964286195213744435e+01
2.969565257414803838e+01
2.973687593121934114e+01
2.976655371361038149e+01
2.978473382695939620e+01
2.979146417690456872e+01
2.978679266908413936e+01
2.977089828603219956e+01
2.974406487179957281e+01
2.970649762429956553e+01
2.965840174144545927e+01
2.960000863652971859e+01
2.953157593822398752e+01
2.945328262906239303e+01
2.936512418392477386e+01
2.926704364693262406e+01
2.915898406220744832e+01
2.904088847387073002e+01
2.891275235680233280e+01
2.877449253974457122e+01
2.862610449757728404e+01
2.846781964359296069e+01
2.829981696032569971e+01
2.812238029182632815e+01
2.793574105138731767e+01
2.774010443692194983e+01
2.753575429248107298e+01
2.732284338521959555e+01
2.710147205153409544e+01
2.687160955092524617e+01
2.663330378903126672e+01
2.638652402535282349e+01
2.613131816552813191e+01
2.586768168443704496e+01
2.559563627233859151e+01
2.531536091176689141e+01
2.502696380373226859e+01
2.473064228153424793e+01
2.442654386925191901e+01
2.411483391742224214e+01
2.379567200919871439e+01
2.346922775698526209e+01
2.313569411234470508e+01
2.279526881301445584e+01
2.244814959673187715e+01
2.209453420123438505e+01
2.173463347194896400e+01
2.136864252507507800e+01
2.099673026143302579e+01
2.061898693570556063e+01
2.023550280257545353e+01
1.984634190134626408e+01
1.945156827132158384e+01
1.905127216718415895e+01
1.864549141285839440e+01
1.823436869378540948e+01
1.781815155692303065e+01
1.739721862612499237e+01
1.697181744834912820e+01
1.654232664744917258e+01
1.610901998576213145e+01
1.567224987176256867e+01
1.523231628316667141e+01
1.478938812079472953e+01
1.434368671622540781e+01
1.389535475489981309e+01
1.344461356839660482e+01
1.299157962677771927e+01
1.253650047700099002e+01
1.207951880450753457e+01
1.162085594087600704e+01
1.116070700230588031e+01
1.069929332037581027e+01
1.023678379590609389e+01
9.773425975854562964e+00
9.309388761041512694e+00
8.844919698424783761e+00
8.380344981099735691e+00
7.916017017540936784e+00
7.452340646981283179e+00
6.989615847136978033e+00
6.528247457240927254e+00
6.068561670388502804e+00
5.610937110433445341e+00
5.155699970471111726e+00
4.703150228217710449e+00
4.253666507526962626e+00
3.807548786115066974e+00
3.365123257077395014e+00
2.926742328888491507e+00
2.492705979264559613e+00
2.063305303050855244e+00
1.638586140575483574e+00
1.218480587778872248e+00
8.029993867390121665e-01
3.921008487755343608e-01
-1.425671479194281187e-02
-4.160887772646105209e-01
-8.133583811853088985e-01
-1.206054784476055630e+00
-1.594141029679682076e+00
-1.977580159339032972e+00
-2.356335215996931076e+00
-2.730369242196237778e+00
-3.099671495858941306e+00
-3.464178804148716484e+00
-3.823827994229221705e+00
-4.178608324022457410e+00
-4.528404189933739055e+00
-4.873204849885071965e+00
-5.212947131040118975e+00
-5.547567860562528708e+00
-5.876925219478439821e+00
-6.200929819572315260e+00
-6.519439841870267927e+00
-6.832339682777609724e+00
-7.139461307941273205e+00
-7.440715329145735524e+00
-7.735959927417118465e+00
-8.025079499160716168e+00
-8.307984656161016446e+00
-8.584559794823304557e+00
-8.854715526932068315e+00
-9.118310033513417068e+00
-9.375280141731018091e+00
-9.625484032610980734e+00
-9.868806102558615123e+00
-1.010507831722084759e+01
-1.033418507300298472e+01
-1.055595833555196705e+01
-1.077025628589390926e+01
-1.097696332043410372e+01
-1.117591140481950518e+01
-1.136693250469703820e+01
-1.154983237033446919e+01
-1.172446918275791639e+01
-1.189064869223514620e+01
-1.204817664903390195e+01
-1.219688501880113485e+01
-1.233663198256297022e+01
-1.246717085982879247e+01
-1.258844363682879575e+01
-1.270051779757595689e+01
-1.280359706204571424e+01
-1.289780650407593576e+01
-1.298332362826284836e+01
-1.306029972382351723e+01
-1.312888607997499513e+01
-1.318915533979679999e+01
-1.324120636174762744e+01
-1.328516421966535965e+01
-1.332115398738786993e+01
-1.334924830799467799e+01
-1.336954603994446877e+01
-1.338222468783349939e+01
-1.338740932549963070e+01
-1.338522502678075554e+01
-1.337579686551472236e+01
-1.335927613091861410e+01
-1.333578789683029520e+01
-1.330548345246682373e+01
-1.326846165628690066e+01
-1.322482136674921982e+01
-1.317471387307083397e+01
-1.311823803371044583e+01
-1.305546649174757157e+01
-1.298657675177844695e+01
-1.291161524150341045e+01
-1.283075946551869606e+01
-1.274409779613133153e+01
-1.265176579333086693e+01
-1.255388853095516843e+01
-1.245058846130420882e+01
-1.234198803667793776e+01
-1.222821783614386604e+01
-1.210941787630599542e+01
-1.198573236822901222e+01
-1.185730971743825357e+01
-1.172429597007494451e+01
-1.158683717228030829e+01
-1.144505839789221824e+01
-1.129914239458274672e+01
-1.114916180543140989e+01
-1.099524170427608460e+01
-1.083745473419628880e+01
-1.067595218440908234e+01
-1.051080669799397782e+01
-1.034214334878885566e+01
-1.017006099525241147e+01
-9.994606065084980173e+00
-9.815903632124445721e+00
-9.634021058381764036e+00
-9.449004581593667851e+00
-9.260895158428334994e+00
-9.069759960933120979e+00
-8.875666161155381317e+00
-8.678759577280006354e+00
-8.479238458250252464e+00
-8.277327268388553705e+00
-8.073171825879800423e+00
-7.866970379667245439e+00
-7.658894963314963888e+00
-7.449170041145388055e+00
-7.237941431343410947e+00
-7.025302521335566652e+00
-6.811425344685933858e+00
-6.596455719579399357e+00
-6.380539464200861488e+00
-6.163796181356034687e+00
-5.946371689229807522e+00
-5.728306944490364927e+00
-5.509669119185054420e+00
-5.290525385361235067e+00
-5.070890484307902568e+00
-4.850857803451595451e+00
-4.630442084081300536e+00
-4.409736713623559012e+00
-4.189071017917525452e+00
-3.968721892043985289e+00
-3.749018661842094424e+00
-3.530290653150990110e+00
-3.312893407189017925e+00
-3.097103819036960637e+00
-2.883251214533972817e+00
-2.671428981106581890e+00
-2.461704290802156692e+00
-2.254170531047217096e+00
-2.048894873889131052e+00
-1.845970706754427315e+00
-1.645491417069638640e+00
-1.447524176882120761e+00
-1.252345881272675543e+00
-1.060233425322083978e+00
-8.713850579735942237e-01
-6.863136127206285186e-01
-5.050600462313519223e-01
-3.281896227575379354e-01
-1.557432989673473434e-01
1.197581467923157852e-02
1.749267615140297216e-01
3.322821234934965617e-01
4.840572693864242382e-01
6.304928697095764090e-01
7.716237666249053939e-01
9.074848022943549086e-01
1.037848665088079381e+00
1.163012350959816255e+00
1.283272855863311968e+00
1.398140714376922444e+00
1.508175076246187407e+00
1.613410783633059786e+00
1.713358371115882184e+00
1.808839142232001818e+00
1.899101477767972446e+00
1.984704527469338009e+00
2.065683133498038337e+00
2.141547830432437571e+00
2.212857768018076321e+00
2.279385634625100021e+00
2.341166272415448280e+00
2.398234523551086017e+00
2.450625230193952842e+00
2.498111080714207510e+00
2.540989071065582916e+00
2.579031889618229823e+00
2.612274378534112707e+00
2.641013533766956467e+00
2.664759889895134126e+00
2.683548289080573301e+00
2.697675727277036639e+00
2.706652739062866964e+00
2.711038474183622426e+00
2.710343467217632529e+00
2.704602560326859084e+00
2.693850595673253689e+00
2.677860261626958227e+00
2.657190707933529517e+00
2.631090315379512656e+00
2.599856079918646312e+00
2.563522843712898514e+00
2.521863295132406702e+00
2.474650122547317643e+00
2.422180321911397982e+00
2.363964427802986989e+00
2.300299436175821999e+00
2.230695881608281361e+00
2.155450760054089088e+00
2.074336759883399495e+00
1.987126569466375781e+00
1.893855030964965547e+00
1.794294832749315338e+00
1.688787061443969284e+00
1.577062704981312846e+00
1.459683303339940563e+00
1.336476365881383854e+00
1.207688848034066842e+00
1.073515274468062941e+00
9.340977390950647719e-01
7.895783358267821628e-01
6.401253739540980758e-01
4.858809473887179542e-01
3.269871500423427446e-01
1.636385065850417542e-01
-4.101535209025426211e-03
-1.760122352906119125e-01
-3.519777151271984983e-01
-5.318820961862531504e-01
-7.155308537977196348e-01
-9.027818940498922862e-01
-1.093545553789417202e+00
-1.287601092967064043e+00
-1.484858848429478906e+00
-1.685150510885780717e+00
-1.888333986424266309e+00
-2.094267181133232292e+00
-2.302808001100973723e+00
-2.513866783174142139e+00
-2.727301433441036593e+00
-2.943022288748309290e+00
-3.160861039805079820e+00
-3.380728023458001275e+00
-3.602507361174550837e+00
-3.826030743663841882e+00
-4.051182292393349371e+00
-4.277819913451371470e+00
-4.505801512926207231e+00
-4.734958781526961147e+00
-4.965202056100300076e+00
-5.196363027355335618e+00
-5.428299601380362382e+00
-5.660895899642857110e+00
-5.894036043610296538e+00
-6.127577939370971727e+00
-6.361379493013183506e+00
-6.595324826004406837e+00
-6.829271844432932781e+00
-7.063104669766240740e+00
-7.296654992713445864e+00
-7.529780719362843655e+00
-7.762365971181910851e+00
-7.994242438879759938e+00
-8.225279994784372661e+00
-8.455422591561623236e+00
-8.684573717358718525e+00
-8.912663075702031534e+00
-9.139620370117951254e+00
-9.365401519512031925e+00
-9.589883796652294734e+00
-9.813049335823482267e+00
-1.003480162517279339e+01
-1.025504415284743054e+01
-1.047370662237377203e+01
-1.069066630651984262e+01
-1.090585290881202063e+01
-1.111919613277668972e+01
-1.133057325118186220e+01
-1.153991396755392884e+01
-1.174709555466090904e+01
-1.195204771602917759e+01
-1.215464772442676455e+01
-1.235479906800086525e+01
-1.255243145027785978e+01
-1.274739592864659343e+01
-1.293962220663344453e+01
-1.312900066469602223e+01
-1.331539546791276507e+01
-1.349869699674128043e+01
-1.367877990241166941e+01
-1.385553194384363174e+01
-1.402883039380517438e+01
-1.419855776814017467e+01
-1.436458609654080654e+01
-1.452677954408550320e+01
-1.468501302415815957e+01
-1.483915227475996268e+01
-1.498906827696792377e+01
-1.513462939032114640e+01
-1.527570004205185938e+01
-1.541212604647306250e+01
-1.554375583943568273e+01
-1.567042999217689214e+01
-1.579199169747177045e+01
-1.590828676963332811e+01
-1.601915315836082598e+01
-1.612443667796726032e+01
-1.622396479200020991e+01
-1.631756234246934412e+01
-1.640505679292224173e+01
-1.648626774229272840e+01
-1.656105149104548246e+01
-1.662918045043180726e+01
-1.669058100897947128e+01
-1.674524494135933850e+01
-1.679331799951874515e+01
-1.683486728926747134e+01
-1.687001234717367026e+01
-1.689882027904713624e+01
-1.692138440607683592e+01
-1.693782426483092607e+01
-1.694818074574001443e+01
-1.695257338537225067e+01
-1.695101685877906661e+01
-1.694360448714943246e+01
-1.693042959167231842e+01
-1.691155927815751880e+01
-1.688703443703563778e+01
-1.685694838949565977e+01
-1.682134202596818540e+01
-1.678028245226300896e+01
-1.673386298956909712e+01
-1.668207209755870224e+01
-1.662505552817916410e+01
-1.656280174110273151e+01
-1.649535162676000510e+01
-1.642277229096078628e+01
-1.634502597799814794e+01
-1.626217979368188082e+01
-1.617427462844259622e+01
-1.608127272657336349e+01
-1.598324119388397158e+01
-1.588019470542586653e+01
-1.577217415162964187e+01
-1.565914177678838648e+01
-1.554119090209105813e+01
-1.541828377183074039e+01
-1.529048749181721689e+01
-1.515779052172274710e+01
-1.502020753659875751e+01
-1.487772699611749694e+01
-1.473036357533040963e+01
-1.457810573390974263e+01
-1.442094193152774295e+01
-1.425886062785666830e+01
-1.409187649794795050e+01
-1.392000421685302136e+01
-1.374318505656161093e+01
-1.356142582751139969e+01
-1.337471236783671458e+01
-1.318303313720981329e+01
-1.298637659530295529e+01
-1.278472071563670731e+01
-1.257806531604443201e+01
-1.236652905006559244e+01
-1.215026290170409418e+01
-1.192942309803968115e+01
-1.170415538000041877e+01
-1.147461597466605987e+01
-1.124095770111705050e+01
-1.100333149092653606e+01
-1.076189005831345646e+01
-1.051678475429702431e+01
-1.026817002331119610e+01
-1.001619737366746676e+01
-9.761020410907660150e+00
-9.502784875959845223e+00
-9.241636509752101603e+00
-8.977707945522903188e+00
-8.711142302662405967e+00
-8.442074835947009248e+00
-8.170640800153114114e+00
-7.896991179284624351e+00
-7.621235012738765136e+00
-7.343554742974458982e+00
-7.064027950933905231e+00
-6.782837079076032616e+00
-6.500085923722221715e+00
-6.215930711952218246e+00
-5.930501455466584027e+00
-5.643901950586704963e+00
-5.356314639771504460e+00
-5.067843319342363984e+00
-4.778644216379029253e+00
-4.488821127202882622e+00
-4.198530278893668033e+00
-3.907875467772772726e+00
-3.617012920919937535e+00
-3.326072650035726053e+00
-3.035184666820701871e+00
-2.744452767596247789e+00
-2.454006964062933172e+00
-2.164003483300496189e+00
-1.874546121630322526e+00
-1.585791106132157680e+00
-1.297816017748203210e+00
-1.010829514316563982e+00
-7.249091767794432206e-01
-4.402112322165828706e-01
-1.568656923285501603e-01
1.249974311840915120e-01
4.052219112416022839e-01
6.837039515225934450e-01
9.602752415191236901e-01
1.234928860043874366e+00
1.507540940964610332e+00
1.778118695044996089e+00
2.046564471531971741e+00
2.312859265810019771e+00
2.576931642505264186e+00
2.838710166243828326e+00
3.098149617031015435e+00
3.355230990251306000e+00
3.609830419772465770e+00
3.861928900978976564e+00
4.111481213876140295e+00
4.358363492331723599e+00
4.602582947109387312e+00
4.844015712076894076e+00
5.082590351860365452e+00
5.318261646465113124e+00
5.550958160517247997e+00
5.780582243263724607e+00
6.007088674709832432e+00
6.230379804102533114e+00
6.450384196067936671e+00
6.667030415232165552e+00
6.880247026221352868e+00
7.089936378282435392e+00
7.296000820662356112e+00
7.498395133366419607e+00
7.697021665641570642e+00
7.891756551355572746e+00
8.082528355134549258e+00
8.269239426225443168e+00
8.451792113875210788e+00
8.630114982709942595e+00
8.804110381976617106e+00
8.973628230163798847e+00
9.138597091897622704e+00
9.298893101045836218e+00
9.454444822234584933e+00
9.605102173952438704e+00
9.750767505446345851e+00
9.891369381342425271e+00
1.002673150475009045e+01
1.015678244029545496e+01
1.028139832184629476e+01
1.040045528327036095e+01
1.051382945843542238e+01
1.062142319658843270e+01
1.072311263159714123e+01
1.081869525119178022e+01
1.090808720877592819e+01
1.099136473589643259e+01
1.106859165287757385e+01
1.113985799542285093e+01
1.120528001461489076e+01
1.126492153077801106e+01
1.131887257961566817e+01
1.136724941221053697e+01
1.141008963350772554e+01
1.144753570996907222e+01
1.147965146191885921e+01
1.150650070968139183e+01
1.152819970433933783e+01
1.154478605083778930e+01
1.155632356950105510e+01
1.156290229603261999e+01
1.156458605075676971e+01
1.156143865399779003e+01
1.155352392607998979e+01
1.154087947194848951e+01
1.152356911192757671e+01
1.150165666634155670e+01
1.147517974013553221e+01
1.144417593825461843e+01
1.140870908102313308e+01
1.136884298876535659e+01
1.132458905104722113e+01
1.127601108819303377e+01
1.122314670514790791e+01
1.116608593761531765e+01
1.110481395978202457e+01
1.103942080735149744e+01
1.096994408526885856e+01
1.089639518310003830e+01
1.081878549041097770e+01
1.073710018138844191e+01
1.065140307635671135e+01
1.056165313412338058e+01
1.046788795963355057e+01
1.037011894245317833e+01
1.026833125676899705e+01
1.016258872290531023e+01
1.005287651504889723e+01
9.939232238144839471e+00
9.821641066379923402e+00
9.700166820078433005e+00
9.574768458047936193e+00
9.445509800612750695e+00
9.312323591201263184e+00
9.175221219379411153e+00
9.034211240781788277e+00
8.889448167592712835e+00
8.741005031927588931e+00
8.589033512039412344e+00
8.433685286181129115e+00
8.275085817226528917e+00
8.113334352670225513e+00
7.948608786144347960e+00
7.781008365143526895e+00
7.610658552541534227e+00
7.437711026591331986e+00
7.262238819408358026e+00
7.084419824624753836e+00
6.904274643597585026e+00
6.721981169958998414e+00
6.537612435824430968e+00
6.351293904067658147e+00
6.163098606804099155e+00
5.973204437665918576e+00
5.781658213389355261e+00
5.588585396848190889e+00
5.394137666295407030e+00
5.198388053846416668e+00
5.001488237754186272e+00
4.803511250134143928e+00
4.604556338480906952e+00
4.404775181047432930e+00
4.204267025328324969e+00
4.003078688059836132e+00
3.801388062874117235e+00
3.599241966507404467e+00
3.396792077212675842e+00
3.194111427105347900e+00
2.991325479059210313e+00
2.788507265189695161e+00
2.585782248370584124e+00
2.383223460717304398e+00
2.180982580482832223e+00
1.979106424403397346e+00
1.777746670731979117e+00
1.576976351584002067e+00
1.376920929833250762e+00
1.177679652974333191e+00
9.793255531226766619e-01
7.820103085312449798e-01
5.858331666946533511e-01
3.908409443491357993e-01
1.972115351268490802e-01
4.965540384858134135e-03
-1.857453616238687322e-01
-3.748604303429521889e-01
-5.623418760729972377e-01
-7.481642006736487494e-01
-9.323019060045615314e-01
-1.114703278546203435e+00
-1.295316604779045422e+00
-1.474142601941917263e+00
-1.651129556515286589e+00
-1.826225754979623694e+00
-1.999431914573759572e+00
-2.170670106398983279e+00
-2.339941047694123366e+00
-2.507193024939653458e+00
-2.672374324616038965e+00
-2.835433233203751513e+00
-2.996396683320801557e+00
-3.155160530689298248e+00
-3.311725492548069472e+00
-3.466039855377588186e+00
-3.618025690279144335e+00
-3.767683714491565805e+00
-3.914935999116142096e+00
-4.059757046012524739e+00
-4.202095141661183142e+00
-4.341924787921766615e+00
-4.479141840516387418e+00
-4.613747016683872104e+00
-4.745662387525515058e+00
-4.874830996445945530e+00
-5.001214237615227098e+00
-5.124752532900074264e+00
-5.245388925705124272e+00
-5.363055973283334055e+00
-5.477696719039340856e+00
-5.589248963301941764e+00
-5.697645263324099929e+00
-5.802831284048369120e+00
-5.904736961189791522e+00
-6.003297473539248585e+00
-6.098440921735239328e+00
-6.190095930723853890e+00
-6.278191649758756654e+00
-6.362660373939122316e+00
-6.443428368826908503e+00
-6.520422948599238211e+00
-6.593566184357407600e+00
-6.662767039513113332e+00
-6.727944963629731490e+00
-6.789014163194796225e+00
-6.845891466233760880e+00
-6.898523165793763567e+00
-6.946965550394899047e+00
-6.991309616654775461e+00
-7.031630631963505351e+00
-7.068014349862857593e+00
-7.100543902356695192e+00
-7.129302421448869609e+00
-7.154378282219082230e+00
-7.175815293602418876e+00
-7.193738532209425607e+00
-7.208168213133925306e+00
-7.219176982228110440e+00
-7.226811269964983353e+00
-7.231169937575914197e+00
-7.232273200154725856e+00
-7.230219918932788481e+00
-7.225056524383104417e+00
-7.216829446978685780e+00
-7.205585117192533140e+00
-7.191422396256015759e+00
-7.174361499262961850e+00
-7.154448856686375535e+00
-7.131783329757626078e+00
-7.106385133570538137e+00
-7.078300698598116725e+00
-7.047576455313373955e+00
-7.014232618810135378e+00
-6.978341834940585464e+00
-6.939898103419370301e+00
-6.899000285477860928e+00
-6.855668596209882004e+00
-6.809923250709257303e+00
-6.761810679449001604e+00
-6.711351097522936016e+00
-6.658590935404067324e+00
-6.603576623565405868e+00
-6.546328377100776308e+00
-6.486866411104009522e+00
-6.425210940668930171e+00
-6.361355965510184340e+00
-6.295374131479960056e+00
-6.227233222913726607e+00
-6.156979670284490780e+00
-6.084607473306896885e+00
-6.010136847074777577e+00
-5.933588006681955740e+00
-5.854981167222261362e+00
-5.774310328410340531e+00
-5.691595705340024125e+00
-5.606857513105135915e+00
-5.520105332962157441e+00
-5.431437287714076412e+00
-5.340914650947357956e+00
-5.248677342386003808e+00
-5.154786635616475543e+00
-5.059356234983595435e+00
-4.962447414073829499e+00
-4.864173877231995569e+00
-4.764596898044558770e+00
-4.663856396235521728e+00
-4.561961214632985318e+00
-4.459051272960953050e+00
-4.355187844805890052e+00
-4.250458419133434695e+00
-4.144924269530052108e+00
-4.038699100340565451e+00
-3.931844185151437632e+00
-3.824473228307487815e+00
-3.716621288016003888e+00
-3.608375853242624220e+00
-3.499840142180499214e+00
-3.391083293029849788e+00
-3.282174443990890200e+00
-3.173177490188001215e+00
-3.064164191359318057e+00
-2.955195821091303188e+00
-2.846346760660011910e+00
-2.737675662113986608e+00
-2.629256906729282584e+00
-2.521159632706114984e+00
-2.413455599782617700e+00
-2.306216567696926845e+00
-2.199516917725096388e+00
-2.093425788067341919e+00
-1.988014938461797554e+00
-1.883361371722436450e+00
-1.779526361435719073e+00
-1.676577735032904082e+00
-1.574584106406626383e+00
-1.473610943604016121e+00
-1.373725811902539728e+00
-1.274991819965203499e+00
-1.177480727530141769e+00
-1.081253808183817222e+00
-9.863775785885291469e-01
-8.929159338686586400e-01
-8.009353906865048778e-01
-7.104998441664490683e-01
-6.216731894328713093e-01
-5.345219431480711103e-01
-4.491056218643258435e-01
-3.654452555421551230e-01
-2.835496309562212103e-01
-2.034301564191031975e-01
-1.251087263950534934e-01
-4.858101996914457321e-02
2.615728377355120912e-02
9.905021037584980925e-02
1.701466468972837598e-01
2.393906188806663726e-01
3.068310133855323141e-01
3.724118559546948370e-01
4.361558182685094098e-01
4.980593566281473206e-01
5.580927119556049476e-01
6.162261251728773370e-01
6.724822679603151832e-01
7.268313812399154195e-01
7.792437059336700944e-01
8.297419137219327334e-01
8.782438147683404583e-01
9.247982961324253681e-01
9.693493833570021589e-01
1.011919748122425577e+00
1.052453415971508877e+00
1.090946843205424788e+00
1.127396486125350039e+00
1.161798801032456918e+00
1.194071598090379105e+00
1.224263764358652695e+00
1.252293110000912701e+00
1.278182306697511317e+00
1.301875379991263681e+00
1.323368786183343859e+00
1.342606550816564104e+00
1.359611345571281271e+00
1.374300980611130152e+00
1.386698127616462273e+00
1.396746812130095217e+00
1.404391059694841237e+00
1.409653541991055192e+00
1.412478284561552666e+00
1.412809312949144580e+00
1.410643083455010327e+00
1.405949837001139846e+00
1.398647383751171924e+00
1.388732180006277517e+00
1.376174466688455889e+00
1.360918269340513076e+00
1.342933828884453673e+00
1.322185096360585010e+00
1.298715724799238025e+00
1.272615508107417526e+00
1.243974240192133429e+00
1.212829284202030067e+00
1.179244218664929900e+00
1.143335052867026747e+00
1.105139149956961386e+00
1.064720088462564052e+00
1.022141446911667195e+00
9.774668038320871721e-01
9.307859531308401158e-01
8.821100425773845677e-01
8.315288660787349961e-01
7.791322175418954332e-01
7.249312447363347456e-01
6.689895261898749501e-01
6.113968558095262962e-01
5.521905967439376672e-01
4.914343275209331896e-01
4.291654112891613027e-01
3.654474265764527385e-01
3.002915211522700356e-01
2.337874889236191689e-01
1.659464776599732239e-01
9.680585050997873864e-02
2.642918600145993668e-02
-4.514615271693671328e-02
-1.178828024965604404e-01
-1.917171848095849118e-01
-2.666381518865434397e-01
-3.426083405787852532e-01
-4.195379569793085683e-01
-4.974420686978241468e-01
-5.762570972065016450e-01
-6.559456793566943444e-01
-7.365228827581177251e-01
-8.179251288829390010e-01
-9.001150545825158389e-01
-9.830815120873750423e-01
-1.066787138248876721e+00
-1.151194569918365884e+00
-1.236318874705557569e+00
-1.322070258703445633e+00
-1.408463789521736897e+00
-1.495462104011789028e+00
-1.583054054404135602e+00
-1.671176062170941501e+00
-1.759869410301108106e+00
-1.849070520266800743e+00
-1.938785343981934028e+00
-2.028930939818874180e+00
-2.119493896591722493e+00
-2.210382156977038104e+00
-2.301529879030573600e+00
-2.392897436187245486e+00
-2.484366555744446092e+00
-2.575923826516271387e+00
-2.667477191179288276e+00
-2.758960807789241354e+00
-2.850335049781054675e+00
-2.941534075210469723e+00
-3.032492042133233756e+00
-3.123116893225910129e+00
-3.213421432681779599e+00
-3.303313603177407742e+00
-3.392727562768537819e+00
-3.481649900269275122e+00
-3.569962342977003544e+00
-3.657677695085006064e+00
-3.744703899269846481e+00
-3.831001328966444408e+00
-3.916556572988908247e+00
-4.001251358634622335e+00
-4.085098490096868318e+00
-4.168005910052210439e+00
-4.249933991935571420e+00
-4.330843109181874873e+00
-4.410693635226048848e+00
-4.489393512744649151e+00
-4.566929330551787736e+00
-4.643235246703200758e+00
-4.718271634633816269e+00
-4.791972652399379307e+00
-4.864324888813989389e+00
-4.935288717312571904e+00
-5.004798295950871889e+00
-5.072866428922169213e+00
-5.139401058903031227e+00
-5.204388774707555676e+00
-5.267763734391493813e+00
-5.329538742148122843e+00
-5.389595525274829768e+00
-5.447920672585715884e+00
-5.504474557515707467e+00
-5.559217553499726350e+00
-5.612057603214337220e+00
-5.663033726232001186e+00
-5.712027649850105249e+00
-5.759052178261930166e+00
-5.804049047529233896e+00
-5.847042736496179671e+00
-5.888012871254593605e+00
-5.926965293275469726e+00
-5.963932059408987740e+00
-5.998866580367790746e+00
-6.031827128381235248e+00
-6.062793329541142917e+00
-6.091771025318509558e+00
-6.118739841805159507e+00
-6.143731835851270695e+00
-6.166726633548662129e+00
-6.187782507126692977e+00
-6.206852867298002785e+00
-6.223943555533591798e+00
-6.239112844062819185e+00
-6.252314143598326268e+00
-6.263579510990288313e+00
-6.272888572330527879e+00
-6.280273384469226450e+00
-6.285739788877378054e+00
-6.289241196267627565e+00
-6.290809663490152026e+00
-6.290451032015950794e+00
-6.288144927936845541e+00
-6.283923408103013308e+00
-6.277739883227097195e+00
-6.269626410159274243e+00
-6.259562614991364349e+00
-6.247580554573547218e+00
-6.233633639618464173e+00
-6.217780142355470829e+00
-6.199947258118031712e+00
-6.180167043756324752e+00
-6.158445340741346641e+00
-6.134735559785741366e+00
-6.109095973118868095e+00
-6.081453776074184248e+00
-6.051867240881051657e+00
-6.020263562872930407e+00
-5.986674798899996652e+00
-5.951080575054074728e+00
-5.913486732806161328e+00
-5.873872898248079899e+00
-5.832218697471645008e+00
-5.788503756568680103e+00
-5.742760132389364891e+00
-5.694967451025517491e+00
-5.645052907810601539e+00
-5.593074774973971763e+00
-5.538996914837176710e+00
-5.482874805377830896e+00
-5.424776997720367255e+00
-5.364761556837553513e+00
-5.302883926164234651e+00
-5.239204792211095807e+00
-5.173779598412980185e+00
-5.106666409742657287e+00
-5.037925912710805143e+00
-4.967613550752274065e+00
-4.895782145763990734e+00
-4.822481898104967968e+00
-4.747768251210051638e+00
-4.671694026976171976e+00
-4.594309425762337362e+00
-4.515664647927560615e+00
-4.435815136906688494e+00
-4.354805849982895438e+00
-4.272684365977275966e+00
-4.189498263710921044e+00
-4.105295122004924302e+00
-4.020119898142462844e+00
-3.934022792482544606e+00
-3.847048762308346248e+00
-3.759234900289289083e+00
-3.670626163708547551e+00
-3.581257023697625996e+00
-3.491167194463863144e+00
-3.400399011752514689e+00
-3.308992189770921133e+00
-3.216981199650586376e+00
-3.124403134060931730e+00
-3.031295085671376732e+00
-2.937688904075506535e+00
-2.843621681942744228e+00
-2.749125268866675409e+00
-2.654236757516719170e+00
-2.558987997486461996e+00
-2.463410838369489486e+00
-2.367531886683550191e+00
-2.271380370484312738e+00
-2.174982896289525680e+00
-2.078368692154856312e+00
-1.981566986135972597e+00
-1.884601763212705450e+00
-1.787502251440722834e+00
-1.690292435799855442e+00
-1.592993679732017664e+00
-1.495632589754958719e+00
-1.398230529310591885e+00
-1.300821767916577887e+00
-1.203450254786879947e+00
-1.106164980597454495e+00
-1.009012314486340101e+00
-9.120333825157387331e-01
-8.152797968995256772e-01
-7.187953052378205365e-01
-6.226236551307445799e-01
-5.268112157163357123e-01
-4.314017345947147031e-01
-3.364363378280839645e-01
-2.419561514786463252e-01
-1.480075446844401066e-01
-5.463164350766760990e-02
3.813042598946798922e-02
1.302375377447647087e-01
2.216485656960200112e-01
3.123302483947845154e-01
4.022414597788560586e-01
4.913463168618687482e-01
5.796089366574543877e-01
6.669908146413292549e-01
7.534560678271270406e-01
8.389688132284801592e-01
9.234984109348587378e-01
1.007008977959895191e+00
1.089467252855141455e+00
1.170839974172148690e+00
1.251093880462467833e+00
1.330195710277650711e+00
1.408112202169248484e+00
1.484812716226729945e+00
1.560266612539565223e+00
1.634438008121387398e+00
1.707293641523746075e+00
1.778808115911948429e+00
1.848942926761709904e+00
1.917675298776251536e+00
1.984977213582963085e+00
2.050820652809229649e+00
2.115177598082438770e+00
2.178025274105814812e+00
2.239333040968826349e+00
2.299072880298859811e+00
2.357222016799140007e+00
2.413749810559133735e+00
2.468625621668311787e+00
2.521821431754061482e+00
2.573309222443769251e+00
2.623063596902739825e+00
2.671059502499335991e+00
2.717299478793315792e+00
2.761799517237087276e+00
2.804531043138450030e+00
2.845557235632334425e+00
2.884849520026538716e+00
2.922405537008045950e+00
2.958275358022194546e+00
2.992430408376784090e+00
3.024868328758797187e+00
3.055639190613571810e+00
3.084740634628087008e+00
3.112144086110146368e+00
3.137899616505088751e+00
3.161978651120712414e+00
3.184405046023179420e+00
3.205202657278649170e+00
3.224342910194920808e+00
3.241875876217337193e+00
3.257772980653695249e+00
3.272058079570158373e+00
3.284728813653703838e+00
3.295809038970493710e+00
3.305296396207506593e+00
3.313188526051724203e+00
3.319483069190126479e+00
3.324230097068052725e+00
3.327374819614121737e+00
3.328967308273675485e+00
3.329005203733696128e+00
3.327486146681161383e+00
3.324407777803051633e+00
3.319767737786347261e+00
3.313589882697208111e+00
3.305871853222612788e+00
3.296611290049546117e+00
3.285832049244165276e+00
3.273505556114271187e+00
3.259655666726023249e+00
3.244253806387222827e+00
3.227323831164027101e+00
3.208889597122602133e+00
3.188896314191564052e+00
3.167394053816253052e+00
3.144354241304471387e+00
3.119800732722378456e+00
3.093704953377771627e+00
3.066090759336816518e+00
3.036955791286489514e+00
3.006271474534592869e+00
2.974070009384096380e+00
2.940390757706024871e+00
2.905255210229038099e+00
2.868711073060976169e+00
2.830832267688851100e+00
2.791614069462141412e+00
2.751104184488685434e+00
2.709402749634679086e+00
2.666478824870420095e+00
2.622432547062107933e+00
2.577259191559216234e+00
2.531032679848764566e+00
2.483774502659410022e+00
2.435532366098987822e+00
2.386353976275336741e+00
2.336260823917116536e+00
2.285300615132159763e+00
2.233494840649126623e+00
2.180891206575853669e+00
2.127511203640999771e+00
2.073428753331579610e+00
2.018612915617894021e+00
1.963163827366136704e+00
1.907102979304966972e+00
1.850425646783860456e+00
1.793205751289837169e+00
1.735464783551553314e+00
1.677224234297667538e+00
1.618531809636013064e+00
1.559409000295251202e+00
1.499877297004039711e+00
1.439958190491035461e+00
1.379673171484895100e+00
1.319069946093455403e+00
1.258170005045375239e+00
1.196994839069313921e+00
1.135565938893925209e+00
1.073904795247866861e+00
1.012059114238981206e+00
9.500241712167415420e-01
8.878476722889860895e-01
8.255511081843721621e-01
7.631297542523793886e-01
7.006575319800247836e-01
6.381035013376039622e-01
5.755153684329551433e-01
5.129146239947365293e-01
4.502965433724279709e-01
3.877088326738634683e-01
3.251467672485225391e-01
2.626609459569168026e-01
2.002348925327216977e-01
1.379336695998179541e-01
7.579612440291810804e-02
1.383488880754651928e-02
-4.791118994159163091e-02
-1.094294799789656686e-01
-1.706549186806916585e-01
-2.315748741812410916e-01
-2.921504992359066355e-01
-3.523429465999851629e-01
-4.121395844079471238e-01
-4.715015654150820912e-01
-5.304162577558698688e-01
-5.888448141856000850e-01
-6.467746028387419965e-01
-7.041929918497754626e-01
-7.610611339739901116e-01
-8.173663973458574761e-01
-8.730961500998539737e-01
-9.281853296120896601e-01
-9.826475193962176391e-01
-1.036470087586712774e+00
-1.089587971559686785e+00
-1.141988539449612095e+00
-1.193685374770143248e+00
-1.244613414897391968e+00
-1.294760027965830895e+00
-1.344112582109935783e+00
-1.392658445464176609e+00
-1.440358770783847664e+00
-1.487227141582598833e+00
-1.533224710615726627e+00
-1.578338846017701247e+00
-1.622530700543820315e+00
-1.665813857707731716e+00
-1.708123254885549613e+00
-1.749498690970106907e+00
-1.789875103337517315e+00
-1.829266075501432942e+00
-1.867632760217148302e+00
-1.904962525619133817e+00
-1.941242739841863241e+00
-1.976460771019808549e+00
-2.010603987287444827e+00
-2.043633541400063702e+00
-2.075589232250496963e+00
-2.106432212594039122e+00
-2.136149850565159714e+00
-2.164703298919155472e+00
-2.192109624040961435e+00
-2.218347393042288118e+00
-2.243424871285313760e+00
-2.267376539511389399e+00
-2.290158232324334797e+00
-2.311830645844681786e+00
-2.332349614676247462e+00
-2.351775834939567211e+00
-2.370091356617634926e+00
-2.387278229693447607e+00
-2.403397150287538420e+00
-2.418403953003724460e+00
-2.432359333962540671e+00
-2.445245343146981831e+00
-2.457044030540044499e+00
-2.467816092262260952e+00
-2.477517362917450061e+00
-2.486208538626144549e+00
-2.493845453992161509e+00
-2.500462589756855092e+00
-2.506068211282400870e+00
-2.510670583930973532e+00
-2.514277973064749094e+00
-2.516872428666723671e+00
-2.518488431478250522e+00
-2.519108031482327092e+00
-2.518765709420307530e+00
-2.517469730654365634e+00
-2.515202145167499737e+00
-2.511997433701063542e+00
-2.507837646238051832e+00
-2.502757263519820974e+00
-2.496764550908545210e+00
-2.489841558387220655e+00
-2.482022766697202343e+00
-2.473290225821485500e+00
-2.463652201122246144e+00
-2.453116957961658073e+00
-2.441692761701897751e+00
-2.429387877705140752e+00
-2.416184355954382301e+00
-2.402116677190977434e+00
-2.387193106777099949e+00
-2.371369479316568718e+00
-2.354706490929916018e+00
-2.337186191600138851e+00
-2.318801117461903871e+00
-2.299570020029058526e+00
-2.279490678512106072e+00
-2.258563493659468069e+00
-2.236796270156633515e+00
-2.214215942285689298e+00
-2.190851605189953144e+00
-2.166737597088579381e+00
-2.141900391586968766e+00
-2.116366462290521167e+00
-2.090170147418390467e+00
-2.063337920575976980e+00
-2.035901498444517177e+00
-2.007884733091493068e+00
-1.979319341198141347e+00
-1.950234417907779960e+00
-1.920648572212055205e+00
-1.890596142330121410e+00
-1.860095737253625092e+00
-1.829176452125884200e+00
-1.797862139014381411e+00
-1.766181893062434449e+00
-1.734156944799608357e+00
-1.701808524755466401e+00
-1.669163106535410224e+00
-1.636241920669003758e+00
-1.603068819223729014e+00
-1.569667654267068224e+00
-1.536059656328586209e+00
-1.502266055937847122e+00
-1.468310705162333640e+00
-1.434212212993692059e+00
-1.399989188423568010e+00
-1.365668105057362913e+00
-1.331267571886722401e+00
-1.296808819441211291e+00
-1.262305213636640389e+00
-1.227777985002573180e+00
-1.193245742530656628e+00
-1.158721852136701758e+00
-1.124224922812354199e+00
-1.089770942011342614e+00
-1.055378518725313741e+00
-1.021063640407995798e+00
-9.868396729751993668e-01
-9.527199823427350278e-01
-9.187231775022492997e-01
-8.848607892930099306e-01
-8.511501159377046211e-01
-8.176047855059354053e-01
-7.842376396059297372e-01
-7.510604712307467068e-01
-7.180853355272385219e-01
-6.853245497960480659e-01
-6.527916617200908433e-01
-6.205059269727452032e-01
-5.884878316096618933e-01
-5.567557644561565988e-01
-5.253270919377575066e-01
-4.942192329107512050e-01
-4.634497897390781329e-01
-4.330362337097830583e-01
-4.029961671868068640e-01
-3.733465109342313237e-01
-3.441034779009009004e-01
-3.152817867590462786e-01
-2.868974669498573493e-01
-2.589654992993570271e-01
-2.315013889411514370e-01
-2.045206410088470372e-01
-1.780374498670912187e-01
-1.520636504964049396e-01
-1.266095049545587492e-01
-1.016857996069067127e-01
-7.730332081880277040e-02
-5.347206849422560249e-02
-3.020335330611256808e-02
-7.507175158442624952e-03
1.460541742963862751e-02
3.612416240036072507e-02
5.703827338836962857e-02
7.733722618210313315e-02
9.701023441620719445e-02
1.160470360329115685e-01
1.344372903283081455e-01
1.521732519210278189e-01
1.692475686603889806e-01
1.856529670418477218e-01
2.013819900532059781e-01
2.164277312052279301e-01
2.307824713319239773e-01
2.444388320672333803e-01
2.573902215064706178e-01
2.696297855911587993e-01
2.811498838014454549e-01
2.919444485402287182e-01
3.020061014414480716e-01
3.113277262928346723e-01
3.199032554972867648e-01
3.277284565342452605e-01
3.347985725755671105e-01
3.411127790999870513e-01
3.466631734338603832e-01
3.514484067483379381e-01
3.554637732945944983e-01
3.587199765609990765e-01
3.612191200401091984e-01
3.629711718382361840e-01
3.639834785237728298e-01
3.642581435892770503e-01
3.638051351410598877e-01
3.626317997475148602e-01
3.607454839770349309e-01
3.581535343980135622e-01
3.548659191167620741e-01
3.508899847016736517e-01
3.462383207969775278e-01
3.409156524331489191e-01
3.349319477164991454e-01
3.282997962912577172e-01
3.210239231878995736e-01
3.131169180506540028e-01
3.045861274479144676e-01
2.954388979480743194e-01
2.856851976574441010e-01
2.753376162202542110e-01
2.644008786669788114e-01
2.528875746418475234e-01
2.408024291753363133e-01
2.281580319116733868e-01
2.149617294192526784e-01
2.012208682664673731e-01
1.869480380975463429e-01
1.721505854808833835e-01
1.568384785227893707e-01
1.410190637916578504e-01
1.247023093938002536e-01
1.078981834355269009e-01
9.061665402315004225e-02
7.286768926298026194e-02
5.465601418549351914e-02
3.599421843491881767e-02
1.688964857964916563e-02
-2.652970349840023424e-03
-2.262104870931973613e-02
-4.300986146831430046e-02
-6.380681898259416007e-02
-8.500981775960232689e-02
-1.066062681551097763e-01
-1.285940666765589824e-01
-1.509606236797211842e-01
-1.736985925962020449e-01
-1.968058699334448436e-01
-2.202698660472202641e-01
-2.440835628641291055e-01
-2.682281486011581229e-01
-2.926825184323707529e-01
-3.174308106076649261e-01
-3.424492987631867491e-01
-3.677221211488348462e-01
-3.932255514007537700e-01
-4.189437277688430883e-01
-4.448555454271651000e-01
-4.709425210877014600e-01
-4.971861714624331019e-01
-5.235706348012582056e-01
-5.500748062782401249e-01
-5.766802026053604591e-01
-6.033683404945988649e-01
-6.301364658854452516e-01
-6.569346370348638775e-01
-6.837705860340168584e-01
-7.106127219052937871e-01
-7.374818844294458442e-01
-7.643202672496851591e-01
-7.911224947675806751e-01
-8.178831913847041113e-01
-8.445707661234471697e-01
-8.711798433853799040e-01
-8.977050475720732559e-01
-9.241147877059182614e-01
-9.504036881884856403e-01
-9.765663734213464453e-01
-1.002571252426891268e+00
-1.028386734227511479e+00
-1.054033658603957591e+00
-1.079506649957800324e+00
-1.104747901932251031e+00
-1.129778254308060559e+00
-1.154566116107618612e+00
-1.179132327111676926e+00
-1.203419080963446852e+00
-1.227447217443678129e+00
-1.251185145574762014e+00
-1.274653705137449577e+00
-1.297821305154131410e+00
-1.320656354647197439e+00
-1.343205908776579749e+00
-1.365385945806308454e+00
-1.387243520896314974e+00
-1.408747043068989679e+00
-1.429917352105082307e+00
-1.450696641647804874e+00
-1.471079536098728990e+00
-1.491112631313437742e+00
-1.510709609034236012e+00
-1.529940983974160895e+00
-1.548719978571170497e+00
-1.567090892159122673e+00
-1.585019377934334450e+00
-1.602497304472304540e+00
-1.619516540348530986e+00
-1.636068954138510056e+00
-1.652172629796920589e+00
-1.667793220520079833e+00
-1.682896379504306372e+00
-1.697526406083457617e+00
-1.711675168833030503e+00
-1.725282105570164370e+00
-1.738391515628714412e+00
-1.750969052205000986e+00
-1.763006583874521471e+00
-1.774522194591951818e+00
-1.785507752932790515e+00
-1.795928912093356367e+00
-1.805803756028326212e+00
-1.815124153313197208e+00
-1.823881972523467843e+00
-1.832095297613815177e+00
-1.839729781780557349e+00
-1.846777293599192182e+00
-1.853282132403577531e+00
-1.859209951390029980e+00
-1.864552619134047129e+00
-1.869328219590308038e+00
-1.873502405955129735e+00
-1.877093262183189504e+00
-1.880092656849985833e+00
-1.882492458531015433e+00
-1.884310751180956034e+00
-1.885539403375305678e+00
-1.886144068310382282e+00
-1.886169045320042592e+00
-1.885606202979784651e+00
-1.884421194485926820e+00
-1.882632103793145717e+00
-1.880257014856119069e+00
-1.877287796250344698e+00
-1.873690101172140521e+00
-1.869508228955363505e+00
-1.864707832796331566e+00
-1.859306996649722432e+00
-1.853297589091033926e+00
-1.846697694074942664e+00
-1.839473947879157079e+00
-1.831675565244478276e+00
-1.823274097855559939e+00
-1.814319743534594354e+00
-1.804757838587054186e+00
-1.794638580835130615e+00
-1.783985952721836243e+00
-1.772771505931824088e+00
-1.761019222908106086e+00
-1.748700655335335918e+00
-1.735892216414883560e+00
-1.722539242452222563e+00
-1.708691931269545439e+00
-1.694321834551505201e+00
-1.679479150120292363e+00
-1.664135429660559939e+00
-1.648314655615321422e+00
-1.632014595048407513e+00
-1.615285445782011609e+00
-1.598072544121605709e+00
-1.580426087889382103e+00
-1.562343844149173266e+00
-1.543849795343991138e+00
-1.524941708537667973e+00
-1.505617350794037357e+00
-1.485900704556109453e+00
-1.465789536887718514e+00
-1.445297344080204605e+00
-1.424437622424906680e+00
-1.403218625137330200e+00
-1.381645983895061658e+00
-1.359727951913604738e+00
-1.337475403946381869e+00
-1.314893971670979544e+00
-1.291994529840820194e+00
-1.268785331671407945e+00
-1.245279873454083308e+00
-1.221486408404350410e+00
-1.197413189737713601e+00
-1.173068470669677010e+00
-1.148465747491581590e+00
-1.123613273418930580e+00
-1.098516680129311363e+00
-1.073184220838227620e+00
-1.047626770299102228e+00
-1.021852581727438869e+00
-9.958672868008244805e-01
-9.696817602726807150e-01
-9.433016338205948426e-01
-9.167377821979882935e-01
-8.899995069719091045e-01
-8.630976815776568722e-01
-8.360520924158304501e-01
-8.088720397353538205e-01
-7.815746883989079796e-01
-7.541719601933356554e-01
-7.266810199813162896e-01
-6.991111680117761962e-01
-6.714769476094764045e-01
-6.437955236370961343e-01
-6.160761963435615884e-01
-5.883335090536339074e-01
-5.605820050920746755e-01
-5.328336062457278421e-01
-5.051028558393542145e-01
-4.774016756597979638e-01
-4.497446090318206191e-01
-4.221461992801833207e-01
-3.946157466538116609e-01
-3.671677944774679458e-01
-3.398116430000769350e-01
-3.125644570843185144e-01
-2.854329154412001412e-01
-2.584315613954840662e-01
-2.315723167340124899e-01
-2.048644817057122258e-01
-1.783199780974263904e-01
-1.519507276959986275e-01
-1.257686522882726921e-01
-9.978043058525605524e-02
-7.400322744962802013e-02
-4.844372159239679343e-02
-2.311383480040528349e-02
1.977132677420281263e-03
2.681988059215434719e-02
5.140248715695387022e-02
7.571565212289263491e-02
9.975269677896334009e-02
1.235016993383221684e-01
1.469533595520438052e-01
1.700983771712019088e-01
1.929300734847896048e-01
2.154391482438808847e-01
2.376163011995502394e-01
2.594522321028718270e-01
2.809428837807560475e-01
3.020737129084414274e-01
3.228432838507563907e-01
3.432396748208569326e-01
3.632588286456536197e-01
3.828920028377003626e-01
4.021379290313062405e-01
4.209880320085064853e-01
4.394389796271716553e-01
4.574926828210084673e-01
4.751431879099701217e-01
4.923897842898447563e-01
5.092265182805860713e-01
5.256526792779824264e-01
5.416675566778228479e-01
5.572678183379780048e-01
5.724501321163185663e-01
5.872164089465515824e-01
6.015633166865480552e-01
6.154901447320961783e-01
6.289961824789853662e-01
6.420807193230039234e-01
6.547430446599409315e-01
6.669824478855849170e-01
6.787982183957249616e-01
6.901922671240680041e-01
7.011638834664025710e-01
7.117123568185170779e-01
7.218395981141184636e-01
7.315422752110782856e-01
7.408249205810202298e-01
7.496894451576520124e-01
7.581351383367616048e-01
7.661665325899740253e-01
7.737802957751602762e-01
7.809862034397806463e-01
7.877783019037880585e-01
7.941611236388073092e-01
8.001392011164631946e-01
8.057118237325446852e-01
8.108835239586759114e-01
8.156562127285638120e-01
8.200291794379974686e-01
8.240095780965195349e-01
8.275993196378361727e-01
8.308003149956544320e-01
8.336170966415997752e-01
8.360515755093773649e-01
8.381109056085312980e-01
8.397969978727677365e-01
8.411117632357935081e-01
8.420623557071506005e-01
8.426506862205469517e-01
8.428812872476068030e-01
8.427586912599539515e-01
