# tt
3.680472491405076880e+02
3.471813963238450924e+02
3.267447290529746624e+02
3.110551678137857152e+02
2.999694216459959080e+02
2.926489671480945844e+02
2.880375189800955695e+02
2.855635969792746778e+02
2.846568517960980103e+02
2.847881564630043272e+02
2.861965814235966832e+02
2.879462300483825175e+02
2.901704299519304300e+02
2.926180244722920065e+02
2.957075967471960212e+02
2.993821212474129538e+02
3.032947443631959459e+02
3.077142555101536345e+02
3.120529927492060551e+02
3.165133400799444985e+02
3.210694126522446936e+02
3.256044500979887744e+02
3.302631734990121117e+02
3.351185762747817876e+02
3.400094224432692727e+02
3.450417904593850267e+02
3.501212352548668605e+02
3.552504876053117187e+02
3.605302719334198400e+02
3.657190776923859517e+02
3.710682975491314437e+02
3.763984217948992068e+02
3.817255527912765274e+02
3.873039314514301736e+02
3.928460429546984756e+02
3.984668781036513678e+02
4.041320154777455400e+02
4.098292789287561959e+02
4.155763028522787863e+02
4.213792638532769388e+02
4.272378304429566924e+02
4.331454564177278712e+02
4.391087032635905985e+02
4.451393755423803213e+02
4.512176317101547625e+02
4.573412303853463072e+02
4.635077425356248000e+02
4.697199822044959205e+02
4.760043572767269211e+02
4.823866299863938139e+02
4.888454138202031345e+02
4.953508120004163402e+02
5.018912785147203977e+02
5.084605104266384501e+02
5.150950823175926416e+02
5.218353004138548386e+02
5.286725946324673941e+02
5.355826656629652689e+02
5.425648080361452230e+02
5.496260485591694760e+02
5.567650200758944266e+02
5.639828446307066088e+02
5.712754011921565507e+02
5.786464333425484483e+02
5.861057913866815170e+02
5.936510509884818703e+02
6.012754083826984015e+02
6.089694382661623422e+02
6.167289584115404750e+02
6.245498943548697071e+02
6.324653042165173247e+02
6.405057323423027356e+02
6.486650215471937599e+02
6.569343931082402150e+02
6.652919714471327097e+02
6.737001950949714910e+02
6.821634580237747514e+02
6.907071265089034569e+02
6.993487022119652465e+02
7.081042205316766740e+02
7.169759872014349185e+02
7.259517340021563996e+02
7.350270573285115461e+02
7.441949320372527836e+02
7.534506894035922642e+02
7.627833571490758686e+02
7.721869409516266387e+02
7.816659326408400830e+02
7.912222025083935932e+02
8.008597226810935581e+02
8.105777649366743844e+02
8.203803244259172516e+02
8.302635316858500119e+02
8.402313818672541856e+02
8.502800055071571705e+02
8.604081546805048220e+02
8.706172030001603162e+02
8.808980379273154995e+02
8.912546546127520060e+02
9.016831835934973469e+02
9.121823769444969230e+02
9.227457436648603561e+02
9.333720358295337292e+02
9.440573839755442123e+02
9.547979186399195441e+02
9.655897703596872361e+02
9.764264481339572512e+02
9.873093255755928794e+02
9.982319116837035153e+02
1.009190525348552455e+03
1.020184860411259478e+03
1.031212177528261918e+03
1.042269737355997677e+03
1.053354800550903519e+03
1.064467249307334896e+03
1.075604344281729482e+03
1.086760724592606493e+03
1.097936272434320927e+03
1.109128248463310911e+03
1.120333913336012984e+03
1.131547906170947044e+03
1.142770109162468316e+03
1.153997782967014018e+03
1.165225566703104050e+03
1.176453342565092726e+03
1.187675749671500625e+03
1.198890048678764288e+03
1.210096121781239390e+03
1.221288608097445149e+03
1.232461977231722813e+03
1.243617885345453487e+03
1.254747332934168526e+03
1.265849185107152380e+03
1.276917063897854405e+03
1.287949834415559508e+03
1.298941118693716817e+03
1.309887160303693463e+03
1.320781581278938120e+03
1.331625868266653470e+03
1.342411021762371547e+03
1.353133285337458346e+03
1.363791524101199229e+03
1.374376738549125321e+03
1.384887793790521528e+03
1.395313068783001199e+03
1.405648807097930785e+03
1.415888630768760095e+03
1.426026161828937347e+03
1.436055022311912353e+03
1.445966426197395094e+03
1.455762927553487089e+03
1.465439429318715838e+03
1.474996077507443033e+03
1.484430396596113951e+03
1.493745154137009649e+03
1.502932631530739172e+03
1.511995596329583350e+03
1.520928951472068547e+03
1.529730221434640271e+03
1.538391687617906655e+03
1.546910874498313888e+03
1.555285306552305656e+03
1.563507265180491459e+03
1.571576896397233895e+03
1.579489103141060241e+03
1.587241409888415319e+03
1.594831341115744181e+03
1.602256421299490967e+03
1.609514174916100728e+03
1.616599504904100968e+03
1.623515178815772515e+03
1.630253478051723505e+03
1.636811927088399671e+03
1.643190671940163384e+03
1.649384682463285799e+03
1.655391817722930682e+03
1.661207382164089267e+03
1.666831923307586976e+03
1.672263367136333045e+03
1.677497018095317117e+03
1.682533423705365522e+03
1.687370509949386815e+03
1.692003581272371093e+03
1.696433185195145370e+03
1.700654626162699060e+03
1.704668451695858948e+03
1.708472587777533136e+03
1.712062338852711946e+03
1.715438252442221710e+03
1.718598254528971211e+03
1.721537649557950317e+03
1.724254363512067357e+03
1.726751565450066209e+03
1.729024559816938563e+03
1.731073894133508929e+03
1.732900115920605003e+03
1.734503772699051979e+03
1.735877547375923086e+03
1.737027230547879981e+03
1.737948259967958165e+03
1.738639228159288905e+03
1.739093617877212182e+03
1.739315398028740447e+03
1.739295429831296133e+03
1.739037682191891008e+03
1.738538259403783968e+03
1.737795887298150546e+03
1.736822399395756747e+03
1.735613899989861011e+03
1.734174357987475332e+03
1.732510363833530164e+03
1.730623264897119270e+03
1.728517030085254646e+03
1.726193006767030738e+03
1.723647299235705532e+03
1.720881254860373701e+03
1.717896221010128556e+03
1.714690923516146995e+03
1.711264088209605006e+03
1.707619683997514812e+03
1.703753815173134171e+03
1.699670450643475078e+03
1.695373559315550892e+03
1.690864488558454696e+03
1.686141964203362932e+03
1.681209955157287595e+03
1.676069808789322678e+03
1.670725494006481085e+03
1.665175736639938577e+03
1.659424505596706467e+03
1.653475769783797887e+03
1.647328255032389052e+03
1.640983308711573272e+03
1.634447521266281456e+03
1.627716996989771133e+03
1.620800947864890759e+03
1.613698099722816323e+03
1.606412421470560048e+03
1.598945260477216152e+03
1.591297964111878628e+03
1.583477122819477245e+03
1.575484083969106905e+03
1.567320194929861600e+03
1.558992046146670418e+03
1.550503606526546491e+03
1.541853601900666035e+03
1.533051244251875914e+03
1.524095259411353709e+03
1.514992237824028962e+03
1.505740792651487482e+03
1.496344329452794454e+03
1.486803519579505746e+03
1.477124277459013456e+03
1.467302031367037671e+03
1.457342695730971627e+03
1.447249563440289194e+03
1.437028548922382015e+03
1.426682945066725097e+03
1.416221287838628996e+03
1.405644248589648896e+03
1.394960363285095809e+03
1.384172924814444286e+03
1.373285226067167969e+03
1.362297938394823859e+03
1.351214354686885372e+03
1.340040389370745743e+03
1.328776713797960838e+03
1.317423999320086978e+03
1.305985538826598940e+03
1.294469868282806146e+03
1.282875037502347595e+03
1.271212203988451392e+03
1.259479417554755855e+03
1.247682592628652856e+03
1.235830265175453405e+03
1.223923106546713370e+03
1.211964409631907074e+03
1.199960088858427071e+03
1.187916058653665004e+03
1.175832990369178106e+03
1.163716798432357791e+03
1.151573397270596615e+03
1.139403458235451126e+03
1.127212895754313877e+03
1.115005002716658282e+03
1.102788315087794899e+03
1.090563504219280503e+03
1.078333863000589417e+03
1.066107927397031290e+03
1.053888990298080671e+03
1.041677723055293882e+03
1.029480040096063476e+03
1.017301855847781098e+03
1.005143841662003751e+03
9.930119119661236482e+02
9.809067381116967681e+02
9.688368560640333271e+02
9.568055587126079899e+02
9.448161389468949665e+02
9.328742093262122808e+02
9.209841749375835889e+02
9.091475174620395592e+02
8.973683401185293178e+02
8.856507461260021046e+02
8.739935956275708122e+02
8.624036133801033657e+02
8.508822810646299786e+02
8.394310803621824562e+02
8.280488714158732364e+02
8.167450005204882473e+02
8.055157062812220374e+02
7.943677134549423045e+02
7.833025037226798304e+02
7.723189372275477353e+02
7.614237387264132622e+02
7.506183899003076476e+02
7.399069939681799042e+02
7.292884110731429246e+02
7.187641228962282867e+02
7.083434757322208952e+02
6.980200866483980917e+02
6.878033019395448946e+02
6.776893602108564210e+02
6.676849862191999136e+02
6.577890401076884928e+02
6.480056250952713981e+02
6.383362228629792980e+02
6.287823150918439978e+02
6.193480050008143962e+02
6.100321527330034996e+02
6.008388615073607752e+02
5.917669914669990021e+02
5.828206458308677611e+02
5.740039278179158373e+02
5.653156975712564645e+02
5.567574367719208794e+02
5.483306271009403190e+02
5.400393717772635682e+02
5.318851524819223187e+02
5.238668293580294630e+02
5.159858840866161245e+02
5.082437983487135966e+02
5.006394322874349427e+02
4.931742675838113428e+02
4.858497859188742609e+02
4.786648474357366467e+02
4.716209338154296233e+02
4.647221482769024874e+02
4.579673509632681316e+02
4.513605685417306859e+02
4.449028999345932789e+02
4.385927459744964381e+02
4.324311290319983527e+02
4.264216930155751584e+02
4.205602172199492657e+02
4.148477240156785228e+02
4.092852357733213466e+02
4.038711533255180370e+02
3.986038775049088372e+02
3.934844306820517659e+02
3.885112136895871799e+02
3.836878704359912717e+02
3.790075586780681647e+02
3.744765438622122815e+02
3.700906052831455213e+02
3.658507653114264713e+02
3.617554247796952041e+02
3.578029845205919628e+02
3.539970884425927125e+02
3.503308943025021449e+02
3.468080460087961114e+02
3.434243228561970227e+02
3.401807472152632386e+02
3.370730983807166581e+02
3.341023987231158117e+02
3.312696706130186612e+02
3.285680718072298987e+02
3.260012462142252048e+02
3.235675946666451068e+02
3.212628964592119587e+02
3.190881739624837223e+02
3.170418280091006977e+02
3.151196378937852955e+02
3.133200044491777589e+02
3.116439500458362204e+02
3.100898755164007525e+02
3.086509386176759335e+02
3.073281617202198959e+02
3.061199456566729395e+02
3.050246912596752509e+02
3.040355562860310101e+02
3.031561846442166370e+02
3.023797340910363687e+02
3.017046054591304483e+02
3.011291995811390620e+02
3.006492957517845070e+02
3.002659163416250863e+02
2.999748406453829261e+02
2.997744694956983835e+02
2.996634801547123743e+02
2.996390340646502750e+02
2.997011906351563084e+02
2.998500092758742994e+02
3.000803063206126353e+02
3.003921411790151978e+02
3.007855732607262667e+02
3.012580404374717773e+02
3.018043590430600602e+02
3.024298315629708895e+02
3.031240312551766465e+02
3.038922606051573894e+02
3.047319574846391674e+02
3.056405597653479731e+02
3.066128837810920231e+02
3.076542320173514895e+02
3.087567992700163586e+02
3.099232664866486857e+02
3.111484500010567444e+02
3.124350307608024195e+02
3.137778250996940415e+02
3.151742708894576026e+02
3.166270490776551583e+02
3.181309759980947547e+02
3.196834895225028390e+02
3.212846490605231793e+02
3.229266494080460461e+02
3.246147930505513841e+02
3.263386532460117451e+02
3.280982894040708402e+02
3.298937609343728923e+02
3.317198841707258907e+02
3.335793400606923456e+02
3.354643234001618453e+02
3.373775151366970135e+02
3.393163531420232744e+02
3.412782752878673023e+02
3.432607194459552034e+02
3.452637450259307457e+02
3.472821683616022597e+02
3.493134273246958514e+02
3.513523382490196241e+02
3.533989605442178572e+02
3.554481105440984265e+02
3.574972261203876087e+02
3.595437451448115667e+02
3.615851054890964065e+02
3.636239881008039561e+02
3.656552093137426596e+02
3.676762069996383389e+02
3.696873352809175231e+02
3.716901271311344317e+02
3.736785456228719795e+02
3.756544184424668060e+02
3.776143302004197153e+02
3.795574870451494007e+02
3.814830951250744988e+02
3.833877390506957568e+02
3.852680034325139218e+02
3.871309590327015258e+02
3.889679473859234804e+02
3.907886607922702069e+02
3.925844407864067307e+02
3.943649796684231887e+02
3.961216189729848338e+02
3.978614294622638567e+02
3.995809957467612321e+02
4.012769024369776503e+02
4.029509772192497508e+02
4.045998047040782239e+02
4.062199695019638170e+02
4.078132992992432264e+02
4.093763787064171993e+02
4.109110354098224320e+02
4.124164755578775612e+02
4.138945268369192263e+02
4.153417738574480609e+02
4.167626658437189349e+02
4.181590304820682604e+02
4.195248308450789523e+02
4.208671376949233718e+02
4.221772925662666012e+02
4.234597446833631125e+02
4.247110786567136529e+02
4.259278790968191402e+02
4.271145952279338189e+02
4.282678116605587775e+02
4.293867345431124818e+02
4.304758130998495176e+02
4.315316319412708594e+02
4.325560187537130901e+02
4.335508012235126785e+02
4.345178070370064347e+02
4.354562423426128248e+02
4.363653132887509400e+02
4.372468475617569084e+02
4.380974297721320454e+02
4.389188876062125928e+02
4.397104272124173576e+02
4.404712547391650332e+02
4.412005015530444325e+02
4.418996214312428492e+02
4.425673718311996936e+02
4.432051317482720947e+02
4.438169017157356961e+02
4.443988176531118484e+02
4.449548800936756265e+02
4.454838464948667820e+02
4.459844743141244408e+02
4.464633856226418516e+02
4.469140948020228166e+02
4.473432239234603571e+02
4.477469089064759373e+02
4.481265287464269136e+02
4.484834624386707560e+02
4.488190889785647641e+02
4.491321658235482914e+02
4.494214504310608618e+02
4.496909433343776072e+02
4.499367804530201624e+02
4.501629623202636026e+02
4.503682463935476790e+02
4.505513901303114039e+02
4.507190156017483105e+02
4.508672587273796921e+02
4.510027415783989113e+02
4.511242216122452078e+02
4.512330778242763927e+02
4.513306892098494814e+02
4.514210563022394922e+02
4.515003150209683440e+02
4.515750874372291150e+02
4.516441310084612155e+02
4.517062031921039988e+02
4.517679260593509980e+02
4.518254355297232792e+02
4.518853536744143184e+02
4.519464379508635261e+02
4.520126888923460342e+02
4.520802424183834205e+02
4.521583421380869936e+02
4.522457455088961069e+02
4.523412099882499433e+02
4.524513576473420926e+02
4.525775674815295702e+02
4.527185969482520704e+02
4.528784465807847823e+02
4.530584953744850623e+02
4.532601223247101530e+02
4.534847064268176950e+02
4.537384836859990287e+02
4.540156596917673255e+02
4.543205401193059743e+02
4.546548091058799628e+02
4.550149077129189550e+02
4.553998985397702768e+02
4.558167087995351494e+02
4.562591580157248359e+02
4.567289303256046082e+02
4.572250883285220198e+02
4.577519376996603455e+02
4.583032979625310190e+02
4.588834747923169743e+02
4.594941523262839382e+02
4.601291500879431169e+02
4.607927737524776148e+02
4.614867074571531589e+02
4.622073922633987877e+02
4.629565123084800575e+02
4.637331301917440669e+02
4.645389300504562016e+02
4.653755960218818473e+02
4.662421907053682162e+02
4.671377767002626911e+02
4.680692812196666068e+02
4.690305237870914539e+02
4.700284316156380555e+02
4.710594457667361326e+02
4.721252503776509002e+02
4.732275295856475736e+02
4.743679675279915386e+02
4.755456268040302348e+02
4.767595700131108174e+02
4.780141028304165616e+02
4.793082878552950206e+02
4.806411876870933497e+02
4.820144864630768780e+02
4.834324898584288803e+02
4.848890173966607335e+02
4.863909962908737725e+02
4.879374891404153800e+02
4.895275585446325977e+02
4.911628886407909249e+02
4.928425420282379150e+02
4.945708243821563883e+02
4.963467983018941254e+02
4.981695263867982248e+02
5.000406927741338450e+02
5.019619816011664852e+02
5.039324554672436420e+02
5.059561642903058214e+02
5.080256488076528285e+02
5.101489232268494334e+02
5.123182725279526721e+02
5.145338463047737605e+02
5.167984156890413487e+02
5.191068871987308739e+02
5.214620319655709864e+02
5.238639995833729017e+02
5.263050750321934856e+02
5.287932725195978492e+02
5.313208770256431990e+02
5.338880381441400687e+02
5.365001485447360210e+02
5.391468716695695775e+02
5.418362217262061904e+02
5.445631052326203871e+02
5.473276717826236109e+02
5.501274494321085058e+02
5.529625877748866287e+02
5.558358579426862889e+02
5.587421664534830370e+02
5.616790413631696310e+02
5.646492538034752897e+02
5.676503318302928847e+02
5.706824250374335179e+02
5.737404399428721717e+02
5.768297692162557269e+02
5.799426978376412762e+02
5.830819969387580386e+02
5.862451945754987719e+02
5.894298188037566888e+02
5.926386407552606670e+02
5.958665669479858025e+02
5.991137469757430836e+02
6.023803304323437260e+02
6.056638453736803740e+02
6.089618198556462403e+02
6.122744034720525406e+02
6.155991242787919191e+02
6.189361318696755916e+02
6.222803327626787677e+02
6.256371196274483282e+02
6.289961559061232492e+02
6.323628342683504115e+02
6.357346827700229142e+02
6.391066079291161941e+02
6.424787593394407850e+02
6.458486650568901268e+02
6.492190962131928700e+02
6.525825202665344023e+02
6.559399992013678684e+02
6.592927774802740259e+02
6.626394780279160841e+02
6.659813453068750277e+02
6.693117591659781738e+02
6.726345856057243964e+02
6.759484475507770185e+02
6.792519679257987946e+02
6.825437696554532749e+02
6.858224756644032141e+02
6.890893304152299379e+02
6.923403352946786526e+02
6.955767347653300021e+02
6.987971517518475366e+02
7.019975876409762350e+02
7.051792868952970821e+02
7.083434939773912902e+02
7.114835887360860625e+02
7.146034371718802731e+02
7.176990406715193558e+02
7.207690221596659512e+02
7.238120045609836097e+02
7.268266108001353132e+02
7.298140853397019328e+02
7.327704295664290157e+02
7.356942664049796576e+02
7.385815972420986100e+02
7.414362880782849743e+02
7.442543403002841842e+02
7.470317552948413322e+02
7.497671559866191728e+02
7.524617868381993731e+02
7.551142707742446873e+02
7.577179876435823189e+02
7.602741819087934800e+02
7.627814764945410388e+02
7.652384943254883183e+02
7.676438583262983002e+02
7.699935698837164182e+02
7.722862519224053131e+02
7.745205273670286488e+02
7.766950191422491798e+02
7.788057286348119987e+02
7.808539003072985452e+02
7.828302924706176782e+02
7.847413926631866161e+02
7.865779591959145591e+02
7.883438580693007225e+02
7.900324691321717410e+02
7.916428530189919002e+02
7.931731996655106514e+02
7.946273797931131639e+02
7.960066425852677412e+02
7.973043726116883363e+02
7.985296836695965794e+02
7.996759603287067648e+02
8.007444517724867410e+02
8.017390287223217911e+02
8.026556972858444396e+02
8.034957066465225353e+02
8.042629275257419295e+02
8.049507444932163480e+02
8.055630282703316425e+02
8.061010280405560025e+02
8.065607499115211567e+02
8.069434430666951812e+02
8.072503566895459244e+02
8.074801184256231181e+02
8.076339774583947246e+02
8.077105614334108168e+02
8.077111195341392431e+02
8.076369009440477384e+02
8.074865333086862620e+02
8.072612658115228896e+02
8.069597260981071258e+02
8.065831633519076149e+02
8.061328267563912959e+02
8.056021008812730315e+02
8.049974779858559941e+02
8.043175857156902566e+02
8.035584301784082299e+02
8.027238820953951972e+02
8.018125691122013450e+02
8.008204973364586294e+02
7.997541590274706778e+02
7.986069387549517842e+02
7.973827072402876865e+02
7.960800921290282304e+02
7.946977210667233749e+02
7.932342216989230792e+02
7.916908432090953056e+02
7.900688347807076752e+02
7.883642025213924853e+02
7.865781956146173570e+02
7.847094417059323632e+02
7.827591899788053524e+02
7.807260680787863976e+02
7.786113251893430061e+02
7.764135889560254782e+02
7.741317085000222278e+02
7.717654188450775337e+02
7.693199195664099079e+02
7.667951671634016293e+02
7.641911181354358860e+02
7.615077289818951840e+02
7.587528208159159249e+02
7.559237285989630664e+02
7.530230303683372313e+02
7.500506826234210394e+02
7.470092634015151134e+02
7.438987292020024142e+02
7.407216580621832236e+02
7.374753849435223856e+02
7.341624878833206367e+02
7.307855449188788270e+02
7.273418910116611187e+02
7.238367257368865921e+02
7.202647625181019748e+02
7.166338224684436682e+02
7.129412405493767437e+02
7.091869732602834802e+02
7.053762201763826170e+02
7.015063162591391119e+02
6.975798395458533605e+02
6.936019896117438748e+02
6.895727229561937293e+02
6.854946176165033194e+02
6.813702516299732679e+02
6.771995814959863083e+02
6.729878067897610663e+02
6.687322624727622724e+02
6.644381481202085524e+02
6.601027986935645231e+02
6.557287922301311482e+02
6.513134636913729310e+02
6.468620126525083833e+02
6.423743956129203525e+02
6.378479475340736826e+02
6.332904895291047751e+02
6.286993565594782467e+02
6.240797482004130643e+02
6.194316209512915066e+02
6.147575528494144237e+02
6.100575003941645491e+02
6.053366631607603949e+02
6.005976191865028113e+02
5.958403249707743043e+02
5.910699800887933861e+02
5.862865410399429038e+02
5.814923778933044787e+02
5.766916503830011607e+02
5.718804456611835576e+02
5.670627154937558316e+02
5.622345470328682495e+02
5.573946489685890811e+02
5.525443515289047127e+02
5.476849849418015310e+02
5.428152578973474647e+02
5.379365006235290139e+02
5.330500433483324514e+02
5.281624593755800561e+02
5.232724573953397567e+02
5.183839891735160563e+02
5.135010064760131172e+02
5.086248395308172690e+02
5.037541970279966677e+02
4.988904091955375293e+02
4.940321847235084078e+02
4.891782323019774594e+02
4.843272606210131244e+02
4.794805999086013344e+02
4.746369588548108709e+02
4.698002892255456686e+02
4.649745427867098329e+02
4.601610497662896933e+02
4.553637619301898098e+02
4.505840095063959438e+02
4.458283657987305446e+02
4.410981610351796576e+02
4.363947254437297261e+02
4.317167677144490767e+02
4.270629965374059225e+02
4.224373636785047665e+02
4.178359562898955346e+02
4.132574830616466670e+02
4.087058957596623827e+02
4.041851461498471281e+02
3.996913213843509425e+02
3.952362378428320540e+02
3.908186042153586186e+02
3.864423722678351396e+02
3.821088722282476056e+02
3.778272989383361846e+02
3.735911180123334248e+02
3.694069027540612069e+02
3.652707403156704231e+02
3.611865824630646671e+02
3.571531378863125497e+02
3.531691152754822838e+02
3.492406934393216034e+02
3.453646085925258262e+02
3.415424455305513902e+02
3.377731675109372418e+02
3.340636024049758817e+02
3.304074703943702502e+02
3.268115993504126777e+02
3.232749525306421674e+02
3.197964931925971541e+02
3.163751845938165843e+02
3.130126115297570095e+02
3.097051157200391458e+02
3.064569034980378319e+02
3.032643165833736703e+02
3.001263182335854935e+02
2.970471147820476858e+02
2.940204264104633012e+02
2.910478379142890049e+02
2.881309340889812347e+02
2.852660566541610478e+02
2.824547904052849958e+02
2.796987201378096302e+02
2.769941875713559511e+02
2.743453990392984565e+02
2.717513177991758084e+02
2.692135286464447859e+02
2.667309948386440510e+02
2.643105442470661615e+02
2.619458970534141713e+02
2.596412595910622372e+02
2.573929735796313594e+02
2.552052453524963482e+02
2.530744166292776924e+02
2.509994506675141963e+02
2.489819322626628662e+02
2.470208246722618242e+02
2.451150911538501020e+02
2.432689380408023965e+02
2.414760855148214773e+02
2.397433614471996464e+02
2.380671075575581028e+02
2.364489086413533130e+02
2.348877279561239391e+02
2.333877718352446493e+02
2.319427604604182989e+02
2.305595217029373885e+02
2.292343972824228331e+02
2.279689719943310990e+02
2.267648306341190789e+02
2.256209364593252644e+02
2.245360776623750780e+02
2.235135852510754546e+02
2.225513720922844527e+02
2.216473510528594204e+02
2.208020565375765614e+02
2.200134014132932236e+02
2.192845416227032160e+02
2.186107684947462815e+02
2.179926164341983394e+02
2.174279983079167948e+02
2.169174485206776239e+02
2.164615014772565758e+02
2.160580700445111688e+02
2.157050670892992912e+02
2.154004054784787172e+02
2.151472411547429431e+02
2.149408654470320243e+02
2.147791912222035933e+02
2.146653744229512881e+02
2.145973279161327696e+02
2.145703430306880932e+02
2.145875757093106699e+02
2.146495603567763055e+02
2.147489667641069389e+02
2.148915724119140975e+02
2.150726686291375529e+02
2.152927898205531108e+02
2.155524703909362643e+02
2.158496232071451573e+02
2.161821611360371094e+02
2.165479970444700939e+02
2.169502868751377207e+02
2.173843219569799032e+02
2.178506366947722199e+02
2.183471439553725872e+02
2.188717566056384669e+02
2.194250090503458921e+02
2.200048141563523814e+02
2.206117063284337405e+02
2.212409768955296840e+02
2.218957818003341629e+02
2.225714123717865789e+02
2.232684030146629084e+02
2.239846665958207552e+02
2.247207375200360389e+02
2.254719071162483033e+02
2.262413313271513289e+02
2.270243014816849438e+02
2.278187304467068373e+02
2.286277741649107327e+02
2.294469116302399243e+02
2.302749940345695450e+02
2.311136817726965091e+02
2.319593921635812990e+02
2.328164071399388035e+02
2.336811440207295902e+02
2.345552632007505451e+02
2.354351819989622641e+02
2.363225608101615478e+02
2.372190600291449982e+02
2.381210969748734954e+02
2.390303320421436126e+02
2.399458040878341762e+02
2.408665519688238703e+02
2.417916145419914642e+02
2.427200306642155851e+02
2.436534607302929771e+02
2.445883220591843781e+02
2.455262750456866456e+02
2.464663585466783502e+02
2.474049898811202297e+02
2.483438294438090850e+02
2.492819160916236001e+02
2.502209102193604906e+02
2.511546076080624914e+02
2.520846686525264317e+02
2.530127537475487998e+02
2.539352802120905039e+02
2.548512869030303136e+02
2.557624342151648591e+02
2.566651394674549351e+02
2.575584415167791121e+02
2.584413792200164153e+02
2.593156129719632759e+02
2.601775600915806876e+02
2.610262594357471357e+02
2.618633713992595062e+02
2.626853133010785086e+02
2.634911239980828555e+02
2.642798423471512024e+02
2.650505072051624893e+02
2.658047789669132612e+02
2.665364534134463383e+02
2.672498124774764392e+02
2.679386519400462134e+02
2.686046321959526040e+02
2.692467921020741528e+02
2.698641705152895724e+02
2.704531847545597998e+02
2.710154952146814367e+02
2.715452072344839962e+02
2.720481505356156049e+02
2.725199782458395816e+02
2.729642081066726860e+02
2.733764932458780663e+02
2.737629729428905989e+02
2.741193003254734322e+02
2.744489931351434961e+02
2.747529475754998316e+02
2.750268167743053596e+02
2.752767400109951836e+02
2.754983704133323954e+02
2.756926041849158082e+02
2.758655806051805257e+02
2.760103312639715227e+02
2.761329954407237892e+02
2.762344693390364228e+02
2.763104060866722875e+02
2.763643234251485410e+02
2.763971175580641102e+02
2.764070631511000329e+02
2.763950564078552361e+02
2.763567504560929819e+02
2.762982845752480898e+02
2.762126903551656483e+02
2.761061070752805904e+02
2.759741878633561214e+02
2.758178289229910547e+02
2.756431695336204371e+02
2.754432412850893570e+02
2.752241834568327477e+02
2.749816491766137005e+02
2.747217777238669782e+02
2.744402222263558997e+02
2.741405004255973381e+02
2.738182654493542714e+02
2.734717919633078509e+02
2.731072192468930098e+02
2.727202004278727827e+02
2.723090101719282643e+02
2.718771662205763846e+02
2.714229432394981814e+02
2.709446158943746923e+02
2.704483234646407936e+02
2.699297190780596338e+02
2.693896989382302536e+02
2.688291592487515231e+02
2.682489962132225969e+02
2.676474844973243989e+02
2.670255203046560268e+02
2.663814806408393565e+02
2.657167734091780744e+02
2.650329088529168189e+02
2.643313972153001714e+02
2.636085056637367643e+02
2.628683659793891252e+02
2.621098668675840031e+02
2.613345185715659227e+02
2.605412097966614056e+02
2.597340723240332068e+02
2.589119948590077911e+02
2.580764876448297969e+02
2.572264393868259162e+02
2.563633603282406739e+02
2.554861391744008188e+02
2.545989077064686512e+02
2.536979330918531161e+02
2.527899686496344884e+02
2.518686600093036816e+02
2.509407604899410842e+02
2.500025372589554422e+02
2.490581220975091981e+02
2.481037821730111830e+02
2.471436492666237541e+02
2.461766120836737741e+02
2.452068024053235433e+02
2.442304873989819498e+02
2.432517988458112939e+02
2.422670039132206057e+02
2.412828559202900180e+02
2.402956220344284759e+02
2.393068124988803902e+02
2.383179375568904845e+02
2.373305074517032551e+02
2.363434108886454510e+02
2.353581581109614831e+02
2.343762593618961318e+02
2.333966033467758621e+02
2.324207003088453973e+02
2.314500604913492623e+02
2.304861941375320100e+02
2.295279899527203042e+02
2.285769581801587833e+02
2.276346090630920003e+02
2.267024528447645650e+02
2.257793782305030561e+02
2.248695170014700295e+02
2.239717578629921775e+02
2.230849895203961069e+02
2.222159652927622631e+02
2.213581579989140096e+02
2.205174569045944963e+02
2.196890923132078512e+02
2.188787806798298448e+02
2.180817523078644058e+02
2.172984805765514409e+02
2.165320604030489449e+02
2.157777220907608182e+02
2.150411820947629167e+02
2.143176707184591123e+02
2.136102828790074568e+02
2.129168704177298537e+02
2.122405282517840703e+02
2.115791082224920672e+02
2.109330837090938928e+02
2.103029280908292833e+02
2.096891147469381451e+02
2.090921170566605554e+02
2.085097868613184176e+02
2.079425975401515245e+02
2.073936440103178143e+02
2.068607781131390766e+02
2.063444732278555307e+02
2.058478242716249440e+02
2.053660615478510181e+02
2.048996584357740289e+02
2.044543313904696333e+02
2.040279322532597917e+02
2.036183128654664358e+02
2.032311896821654784e+02
2.028617930067607062e+02
2.025132177564101141e+02
2.021859373103537223e+02
2.018778035099133490e+02
2.015919112722468469e+02
2.013287339765940658e+02
2.010861234642772217e+02
2.008671746524538264e+02
2.006723609203640706e+02
2.004969125714117411e+02
2.003491675985907818e+02
2.002243563053050366e+02
2.001255736087124433e+02
2.000506713501348770e+02
2.000027444467304178e+02
1.999822662777386881e+02
1.999897102223998502e+02
2.000229281220356370e+02
2.000850148938040718e+02
2.001764439169448906e+02
2.002974588537678926e+02
2.004473844988613109e+02
2.006279374678011891e+02
2.008329697624096468e+02
2.010668195361808728e+02
2.013259603288547055e+02
2.016121087560073590e+02
2.019243598952967318e+02
2.022618088243810632e+02
2.026235506209183370e+02
2.030086803625667073e+02
2.034189146649019619e+02
2.038507270676645078e+02
2.043058341864301610e+02
2.047833310988571043e+02
2.052796913446853466e+02
2.057966315394909884e+02
2.063332467609321839e+02
2.068912536245847207e+02
2.074671256701889206e+02
2.080625795133206850e+02
2.086767102316381113e+02
2.093086129027993820e+02
2.099573826044623672e+02
2.106221144142852495e+02
2.113045249478440439e+02
2.120037092827967911e+02
2.127161409588836420e+02
2.134461581295985582e+02
2.141902343346816053e+02
2.149474646517908809e+02
2.157195656965024568e+02
2.165056325464743736e+02
2.173047602793646718e+02
2.181160439728314486e+02
2.189385787045327163e+02
2.197740810900445751e+02
2.206216462070250088e+02
2.214803691331321716e+02
2.223467234081061292e+02
2.232276687233587893e+02
2.241170570807123568e+02
2.250166050957429036e+02
2.259280293840262459e+02
2.268478034853027339e+02
2.277750224772303227e+02
2.287114029753849991e+02
2.296586615953428350e+02
2.306132718768440384e+02
2.315743288975465077e+02
2.325435038063475872e+02
2.335196643475118776e+02
2.345016327986251667e+02
2.354908529751912170e+02
2.364835256168778699e+02
2.374810945391887458e+02
2.384823820197099451e+02
2.394888318739450028e+02
2.404992663794798489e+02
2.415098862759822396e+02
2.425221353789560510e+02
2.435374575039049887e+02
2.445520533904968090e+02
2.455673668542355017e+02
2.465848417106245734e+02
2.475980571614141184e+02
2.486110785600257884e+02
2.496227281840453998e+02
2.506318283110587402e+02
2.516345796807337081e+02
2.526376691844099867e+02
2.536320544859193831e+02
2.546244224766017226e+02
2.556083523582069006e+02
2.565879094841565689e+02
2.575592945941185690e+02
2.585239515035967202e+02
2.594807024901767818e+02
2.604309913693625163e+02
2.613710188808219073e+02
2.622996073021406573e+02
2.632182004488224720e+02
2.641282421363712274e+02
2.650233115665367336e+02
2.659074740927408129e+02
2.667769304546512217e+02
2.676331244677717791e+02
2.684748784096882446e+02
2.693010145579865480e+02
2.701103551902523918e+02
2.709043441219894817e+02
2.716818036307837474e+02
2.724389344563030022e+02
2.731771804140510085e+02
2.738953637816136393e+02
2.745949283744945433e+02
2.752720749323617042e+02
2.759282472707187139e+02
2.765596461292335562e+02
2.771703368613279395e+02
2.777540546746170094e+02
2.783130234139309209e+02
2.788496229299650508e+02
2.793609899975788835e+02
2.798495044674678525e+02
2.803149246524094451e+02
2.807570088651809783e+02
2.811755154185599395e+02
2.815675810874059266e+02
2.819408287982501520e+02
2.822871522501162644e+02
2.826115528316174732e+02
2.829137888555313793e+02
2.831909970967174672e+02
2.834455574058709999e+02
2.836746065578516323e+02
2.838831459412726872e+02
2.840683123309935354e+02
2.842298640397917779e+02
2.843675593804447885e+02
2.844811566657299409e+02
2.845730357463427822e+02
2.846403333971427401e+02
2.846825457771154788e+02
2.847020527369563752e+02
2.846978261280674474e+02
2.846696242632262397e+02
2.846172054552101827e+02
2.845403280167966500e+02
2.844390124145549521e+02
2.843130169612624627e+02
2.841620999696967829e+02
2.839860197526351726e+02
2.837845346228551762e+02
2.835576650469259903e+02
2.833049071838333361e+02
2.830262815001464674e+02
2.827212841548509346e+02
2.823896734607242252e+02
2.820317320381274158e+02
2.816466938922544045e+02
2.812343173358824515e+02
2.807943606817891578e+02
2.803268443965437768e+02
2.798307403315482702e+02
2.793063311071637713e+02
2.787528507285840647e+02
2.781703196623784606e+02
2.775579719137408006e+02
2.769155657954485150e+02
2.762430332618195621e+02
2.755407386795426419e+02
2.748092200568468684e+02
2.740490154019615261e+02
2.732614491844910276e+02
2.724462729512892452e+02
2.716045490181689388e+02
2.707368153933592794e+02
2.698436100850894377e+02
2.689252089477968184e+02
2.679826742972941815e+02
2.670162819880188749e+02
2.660265700282001262e+02
2.650140764260671062e+02
2.639793391898488721e+02
2.629228963277748221e+02
2.618452858480740133e+02
2.607470457589755597e+02
2.596287140687086890e+02
2.584905666317108626e+02
2.573334036100029607e+02
2.561577630118141542e+02
2.549636585377900815e+02
2.537518903499517364e+02
2.525227343027364384e+02
2.512767284043733866e+02
2.500144106630917520e+02
2.487360569333289106e+02
2.474419430695222388e+02
2.461328692336927872e+02
2.448091112802778184e+02
2.434706829099229992e+02
2.421186464384410897e+02
2.407530155664776430e+02
2.393740661484701207e+02
2.379825983464393744e+02
2.365786258610310142e+02
2.351629488542661193e+02
2.337355810267902143e+02
2.322967982330406471e+02
2.308474006350384400e+02
2.293874019334291177e+02
2.279173401364419362e+02
2.264372289447224489e+02
2.249478685202915926e+02
2.234492725637949491e+02
2.219419790834618311e+02
2.204260017799376783e+02
2.189021408152434844e+02
2.173704098900248596e+02
2.158313687271685808e+02
2.142854017543994303e+02
2.127337015754754930e+02
2.111740527948610406e+02
2.096110560156074882e+02
2.080430201497629241e+02
2.064708756472933260e+02
2.048955529581648420e+02
2.033153609944255891e+02
2.017312302060415448e+02
2.001440910429789710e+02
1.985574954931216496e+02
1.969671309305999500e+02
1.953765493432977678e+02
1.937866811811812511e+02
1.921932138183805421e+02
1.906023207806976529e+02
1.890123109801806436e+02
1.874214933288775740e+02
1.858360413525905699e+02
1.842490208875317990e+02
1.826666054595031881e+02
1.810871039805529108e+02
1.795114469006469449e+02
1.779379431318335207e+02
1.763701446619965907e+02
1.748089819411022745e+02
1.732527638811986606e+02
1.717024209322518118e+02
1.701562620063098734e+02
1.686204606291748007e+02
1.670907041749767927e+02
1.655679230936819408e+02
1.640530478352562227e+02
1.625496303875836759e+02
1.610559796627125309e+02
1.595704045726907907e+02
1.580964571054025214e+02
1.566324461728958966e+02
1.551819237630548685e+02
1.537431987879274971e+02
1.523172016974799874e+02
1.509074844795963202e+02
1.495097345084065807e+02
1.481248822338769457e+02
1.467564796438914243e+02
1.454054571884160509e+02
1.440675022415809678e+02
1.427487883291882156e+02
1.414450028253679363e+02
1.401621963722064663e+02
1.388954419252555113e+02
1.376475541701051384e+02
1.364187262544273551e+02
1.352065297879763648e+02
1.340111579184240611e+02
1.328328037934425652e+02
1.316742820986218589e+02
1.305305429057980291e+02
1.294070224384790890e+02
1.282986707685010970e+02
1.272083025814541770e+02
1.261334894870923051e+02
1.250770461710055059e+02
1.240365442429478549e+02
1.230147983885093623e+02
1.220093802174441464e+02
1.210231044153420612e+02
1.200535425919574664e+02
1.191008878949621135e+02
1.181653334720282658e+02
1.172470724708277743e+02
1.163489195769507774e+02
1.154658248622333332e+02
1.146006030122654522e+02
1.137534471747191986e+02
1.129219289593486337e+02
1.121088630517437821e+02
1.113144425995766937e+02
1.105388607505193335e+02
1.097796891143258478e+02
1.090397423765862470e+02
1.083165921470545783e+02
1.076130531113207951e+02
1.069266968791391150e+02
1.062603381360994064e+02
1.056115484919558014e+02
1.049805210943803644e+02
1.043700706289630773e+02
1.037803902433759333e+02
1.032090515473731358e+02
1.026562476886266353e+02
1.021221718148084392e+02
1.016096386115086148e+02
1.011162196884812658e+02
1.006421081933983288e+02
1.001901188118498709e+02
9.975782315358996755e+01
9.934541436629072564e+01
9.895570713554201348e+01
9.858876998627552268e+01
9.824155141454299667e+01
9.791349683157389450e+01
9.760667318651542246e+01
9.732052589059699699e+01
9.705450035504792083e+01
9.680804199109758201e+01
9.657797467205736552e+01
9.636636534707452029e+01
9.617265942737836326e+01
9.599630232419843878e+01
9.583673944876392170e+01
9.569341621230412898e+01
9.556577802604854810e+01
9.545327030122642498e+01
9.535795998698505116e+01
9.527667095663592534e+01
9.521147015932622537e+01
9.515918146836740732e+01
9.511925029498884498e+01
9.509636512625574767e+01
9.508472829756149736e+01
9.508378522013555312e+01
9.509822438104318110e+01
9.512224811567769223e+01
9.516054491110439528e+01
9.520993864063473211e+01
9.526987471549799125e+01
9.534242008484153530e+01
9.542439862197669243e+01
9.551787727605072575e+01
9.561967992037517661e+01
9.573187350409725127e+01
9.585652497636422709e+01
9.598783667256959973e+01
9.613049707977856428e+01
9.627870853338461643e+01
9.643715952045295126e+01
9.660529545221295677e+01
9.677862943301711596e+01
9.696053918097160818e+01
9.714994579972214694e+01
9.734655685428997174e+01
9.754981775590441373e+01
9.775969822337836490e+01
9.797590582173302209e+01
9.819841026978131993e+01
9.842665697875251851e+01
9.866061566745963773e+01
9.889999390092381759e+01
9.914448708511049801e+01
9.939426629734612106e+01
9.964844184073423605e+01
9.990691047975380457e+01
1.001695689788837882e+02
1.004357897950195451e+02
1.007052075388481853e+02
1.009777189748487132e+02
1.012529587137082956e+02
1.015305613661140427e+02
1.018101615427531215e+02
1.020921803156881111e+02
1.023757279880225468e+02
1.026609634780272131e+02
1.029477835501810006e+02
1.032355606613792958e+02
1.035241915761010603e+02
1.038135730588252699e+02
1.041030775664472401e+02
1.043926018634459751e+02
1.046817805605085852e+02
1.049702482683222087e+02
1.052576395975740979e+02
1.055438513127430866e+02
1.058285180245164412e+02
1.061115364973730095e+02
1.063922791882082493e+02
1.066706428615010509e+02
1.069465242817303903e+02
1.072192959057916255e+02
1.074888544981637324e+02
1.077545725157420122e+02
1.080166088767972496e+02
1.082743360382248312e+02
1.085273886107118670e+02
1.087756633587373329e+02
1.090182705854048208e+02
1.092556313627767963e+02
1.094871181477487312e+02
1.097123655510076787e+02
1.099310081832408343e+02
1.101432049627189826e+02
1.103480661925456161e+02
1.105457507909915478e+02
1.107353690611603412e+02
1.109170799213227241e+02
1.110905179821658209e+02
1.112547935467932518e+02
1.114100655334757306e+02
1.115557063991086437e+02
1.116914351050309051e+02
1.118173080151884164e+02
1.119337279979708200e+02
1.120403114603922035e+02
1.121374612708420244e+02
1.122253181439181162e+02
1.123040227942181559e+02
1.123737159363398490e+02
1.124345382848810146e+02
1.124863684006474500e+02
1.125293469982369601e+02
1.125638769460391160e+02
1.125895746510679771e+02
1.126071051355048809e+02
1.126160848063640003e+02
1.126169165320348213e+02
1.126092167195315028e+02
1.125933882372435733e+02
1.125695717997687240e+02
1.125373838141210996e+02
1.124974893024820943e+02
1.124492425180740014e+02
1.123930463292863067e+02
1.123290414507167725e+02
1.122571064431713381e+02
1.121771198674559287e+02
1.120894845919601011e+02
1.119940791774897093e+02
1.118910443386425726e+02
1.117799964824327930e+02
1.116613384772498563e+02
1.115349488838997445e+02
1.114007062631883684e+02
1.112584891759216674e+02
1.111081761829056092e+02
1.109501701525296653e+02
1.107840874918080090e+02
1.106098067615465368e+02
1.104274686763430111e+02
1.102369517970033428e+02
1.100381346843335137e+02
1.098311580529312153e+02
1.096156383098105636e+02
1.093917161695693210e+02
1.091592701930134268e+02
1.089179167871569973e+02
1.086680588203895610e+02
1.084093126997252483e+02
1.081412948321782324e+02
1.078646702399297936e+02
1.075786098751360953e+02
1.072836487160226824e+02
1.069801384397489699e+02
1.066684307234743585e+02
1.063488772443581354e+02
1.060215675257679777e+02
1.056871153986550382e+02
1.053456103863868805e+02
1.049974041661228483e+02
1.046428484150223710e+02
1.042822948102448493e+02
1.039160950289495702e+02
1.035443385945041825e+02
1.031673771840680587e+02
1.027855624748005852e+02
1.023992461438610917e+02
1.020085177146172271e+02
1.016137288642282925e+02
1.012149691160619653e+02
1.008125901472775183e+02
1.004069436350343949e+02
9.999811910270017279e+01
9.958646822743422433e+01
9.917208053260411305e+01
9.875530769536923970e+01
9.833650139288891978e+01
9.791548899473905010e+01
9.749288433187074077e+01
9.706877692765158372e+01
9.664325630544917090e+01
9.621667414242283201e+01
9.578911996194017320e+01
9.536068328736882904e+01
9.493197794965992387e+01
9.450283131838924078e+01
9.407333291692437172e+01
9.364409657621652627e+01
9.321494966584143071e+01
9.278624386295847160e+01
9.235806869093528348e+01
9.193051367313941569e+01
9.150393048673021212e+01
9.107840865507535000e+01
9.065429985533408797e+01
9.023143145708228019e+01
8.981015513747931323e+01
8.939056041989275059e+01
8.897273682769015579e+01
8.855703603803094381e+01
8.814328542049088355e+01
8.773183847007675240e+01
8.732305595318482005e+01
8.691651399268344846e+01
8.651309948039990161e+01
8.611238853920245617e+01
8.571448159954309176e+01
8.532000339945722089e+01
8.492879221560500014e+01
8.454121063223007582e+01
8.415709692599260450e+01
8.377681368113627514e+01
8.340019917432118746e+01
8.302787814358281082e+01
8.265968886558125917e+01
8.229573177076844104e+01
8.193610728959626499e+01
8.158117800630841998e+01
8.123104435135681456e+01
8.088554460140152003e+01
8.054504134068629639e+01
8.020963499966293853e+01
7.987942600878345445e+01
7.955451479849972429e+01
7.923526395305539438e+01
7.892151174911060707e+01
7.861362077090903711e+01
7.831169144890260725e+01
7.801608636733503488e+01
7.772638164907456826e+01
7.744293987836495319e+01
7.716638579324165903e+01
7.689603336278121049e+01
7.663250732501909113e+01
7.637590811040720951e+01
7.612633614939745996e+01
7.588389187244173684e+01
7.564867570999196289e+01
7.542105024629179866e+01
7.520111591179319532e+01
7.498871098315619577e+01
7.478419804462456000e+01
7.458793968044194855e+01
7.439951201347668075e+01
7.421980193555602057e+01
7.404812341575652113e+01
7.388536334590544641e+01
7.373136000266288193e+01
7.358595166268898424e+01
7.344976306401920851e+01
7.332289463710546329e+01
7.320539024075540624e+01
7.309706744719974836e+01
7.299794941081671595e+01
7.290779713219278335e+01
7.282663376570617686e+01
7.275395815815160461e+01
7.268979346390726448e+01
7.263390068355964502e+01
7.258656512527875293e+01
7.254702348206748752e+01
7.251556106209586972e+01
7.249167671215860764e+01
7.247539358663388498e+01
7.246673483989998488e+01
7.246546147254338166e+01
7.247159663894227322e+01
7.248463918589136767e+01
7.250461226776890555e+01
7.253180119274493620e+01
7.256544265382228787e+01
7.260608411296281872e+01
7.265322441696120848e+01
7.270662456640388882e+01
7.276683202325271793e+01
7.283308348051056669e+01
7.290540209255564719e+01
7.298407316755802299e+01
7.306859555231237380e+01
7.315899240119694014e+01
7.325528686858994831e+01
7.335723995507787265e+01
7.346487481503898209e+01
7.357795244905966570e+01
7.369649601151824925e+01
7.382026650300115023e+01
7.394981138547024102e+01
7.408462950572011607e+01
7.422474401812910116e+01
7.437017807707537997e+01
7.452095483693724987e+01
7.467709745209293715e+01
7.483836692312888772e+01
7.500478640442339895e+01
7.517611689656285989e+01
7.535290586150915715e+01
7.553438999226514738e+01
7.572085459700086574e+01
7.591258498388634735e+01
7.610881784592449151e+01
7.631036279886889417e+01
7.651667257162361580e+01
7.672780188290543890e+01
7.694349717974880321e+01
7.716324275539624011e+01
7.738678505688218934e+01
7.761413268503282836e+01
7.784476993309075965e+01
7.807844324809036607e+01
7.831489907706603049e+01
7.855414602084393039e+01
7.879566837266669665e+01
7.903921257956869795e+01
7.928478724237611175e+01
7.953187665433156894e+01
7.978075157005302742e+01
8.003089628278307543e+01
8.028205723955611006e+01
8.053424304119832300e+01
8.078720013474408290e+01
8.104067496722785791e+01
8.129441398568391719e+01
8.154816363714672889e+01
8.180193252244248470e+01
8.205520493481375865e+01
8.230825162887852287e+01
8.256029474408761359e+01
8.281160503505896031e+01
8.306192894882700273e+01
8.331075077863431488e+01
8.355834127909886888e+01
8.380418474346329560e+01
8.404828977255371569e+01
8.429040281340458307e+01
8.453053246684206101e+01
8.476816302610878040e+01
8.500356524582267070e+01
8.523648557301810058e+01
8.546640830093774355e+01
8.569360418419952907e+01
8.591781966983786845e+01
8.613853905109534992e+01
8.635603308258995980e+01
8.657004821135610939e+01
8.678006873063635851e+01
8.698636539504869347e+01
8.718842249783571674e+01
8.738651079361541463e+01
8.758011457563036117e+01
8.776950459849858532e+01
8.795416515546261849e+01
8.813437268013201731e+01
8.830990201449860422e+01
8.848053367954580040e+01
8.864631035004879323e+01
8.880727470078272745e+01
8.896320725273106689e+01
8.911388852687713324e+01
8.925936119799614232e+01
8.939940578707145846e+01
8.953406496887829746e+01
8.966311926440002367e+01
8.978661134841185287e+01
8.990432174189714942e+01
9.001629311963111491e+01
9.012256815638890828e+01
9.022292737315393651e+01
9.031741344470135857e+01
9.040580689201459563e+01
9.048815038986880666e+01
9.056422445924745546e+01
9.063407177492561573e+01
9.069773501167851748e+01
9.075473253669777307e+01
9.080510702475856988e+01
9.084916330442786148e+01
9.088641974289726022e+01
9.091691901494192507e+01
9.094070379533705761e+01
9.095781675885785944e+01
9.096777627269587185e+01
9.097114931920994252e+01
9.096745426559162695e+01
9.095673378661611252e+01
9.093876840326677780e+01
9.091360079031879593e+01
9.088127362254741115e+01
9.084130526714416476e+01
9.079400055267605296e+01
9.073887784633464548e+01
9.067624197668696695e+01
9.060587346471636749e+01
9.052755283140628251e+01
9.044158490532362293e+01
9.034748805366005797e+01
9.024530495119071816e+01
9.013507827269077666e+01
9.001685069293550612e+01
8.988987842532461059e+01
8.975472845221689511e+01
8.961091914080397203e+01
8.945853261909044818e+01
8.929780882799872188e+01
8.912850285409702167e+01
8.895115624532900256e+01
8.876578624205470192e+01
8.857267223842595172e+01
8.837156932101095208e+01
8.816301903775337223e+01
8.794677647522144071e+01
8.772364533515059293e+01
8.749285639652549662e+01
8.725521336108151615e+01
8.701073346917873153e+01
8.675943396117719431e+01
8.650133207743694186e+01
8.623644505831795470e+01
8.596531445176391628e+01
8.568795749813486395e+01
8.540412928399899783e+01
8.511437135730001557e+01
8.481870095839789769e+01
8.451687317386088694e+01
8.420942955163263832e+01
8.389612517828139460e+01
8.357750160175076815e+01
8.325331390860903014e+01
8.292384149300795571e+01
8.258910159530762485e+01
8.224911145586810335e+01
8.190388831504935752e+01
8.155397372079507079e+01
8.119912275967350013e+01
8.083935267204461184e+01
8.047468069826850012e+01
8.010538623249699697e+01
7.973174866888192014e+01
7.935326094019968934e+01
7.897046459439398802e+01
7.858311471803304471e+01
7.819149070526866296e+01
7.779560979646092278e+01
7.739575138576159929e+01
7.699167055973900631e+01
7.658338455875311013e+01
7.617117277695581379e+01
7.575505245470711202e+01
7.533504083236705640e+01
7.491115515029568428e+01
7.448341264885303303e+01
7.405209272219093464e+01
7.361671639109086129e+01
7.317796564352163102e+01
7.273576409408171628e+01
7.229055966495312191e+01
7.184227597073433458e+01
7.139136093360738755e+01
7.093773816817073907e+01
7.048159344281464200e+01
7.002363683351292423e+01
6.956352980107226358e+01
6.910145811388291293e+01
6.863786969412689132e+01
6.817268815640267121e+01
6.770609926910050547e+01
6.723855095440244156e+01
6.676996682690692353e+01
6.630053265500420423e+01
6.583043420708455074e+01
6.536011940532998210e+01
6.488924971054716195e+01
6.441827304491816619e+01
6.394737517683322636e+01
6.347647972089077228e+01
6.300629675306468158e+01
6.253622558036980195e+01
6.206671412498818796e+01
6.159821030910188711e+01
6.113037559351754169e+01
6.066365790041720629e+01
6.019824299819113378e+01
5.973405450143777529e+01
5.927101602475558906e+01
5.880983764411843140e+01
5.835018082033292330e+01
5.789249347558115488e+01
5.743669922446154885e+01
5.698298383536437228e+01
5.653153307667987093e+01
5.608227056300648172e+01
5.563538206273449305e+01
5.519105334425415776e+01
5.474947017595566479e+01
5.431081832622930960e+01
5.387475925588177006e+01
5.344174088709504389e+01
5.301194898825940527e+01
5.258530717397330534e+01
5.216200121262702538e+01
5.174195471881898811e+01
5.132535346093942508e+01
5.091263933999336189e+01
5.050344371090213969e+01
5.009791621499363146e+01
4.969620649359570308e+01
4.929846418803627728e+01
4.890457678585141110e+01
4.851469392836897043e+01
4.812896525691684246e+01
4.774727825903115530e+01
4.736978257603973219e+01
4.699662784927050296e+01
4.662743941246772295e+01
4.626289121454287567e+01
4.590260858924024490e+01
4.554647902409592319e+01
4.519517646802137278e+01
4.484832625476089873e+01
4.450581587185059362e+01
4.416831926820189125e+01
4.383519962376732337e+01
4.350686873366653629e+01
4.318347623922743139e+01
4.286464747419427823e+01
4.255079423368678704e+01
4.224206615903282369e+01
4.193808858397665773e+01
4.163901114984618346e+01
4.134498349796929517e+01
4.105589311588206414e+01
4.077215179870415085e+01
4.049338488017988880e+01
4.022000415542891005e+01
3.995189711198732141e+01
3.968895123739120834e+01
3.943157832676025265e+01
3.917940371383873099e+01
3.893283919374630386e+01
3.869177225401909226e+01
3.845609038219316034e+01
3.822620537338818991e+01
3.800200471514026646e+01
3.778337589498548965e+01
3.757020640045990234e+01
3.736317018047502359e+01
3.716163041498330699e+01
3.696626105289627162e+01
3.677668742795816570e+01
3.659279702770508180e+01
3.641526380104851768e+01
3.624345092794093404e+01
3.607800675038067340e+01
3.591842856754616520e+01
3.576471237928636526e+01
3.561685418545013704e+01
3.547484998588639371e+01
3.533843362665226806e+01
3.520733895380486445e+01
3.508182412098486935e+01
3.496162297424939425e+01
3.484673151344731679e+01
3.473688358463581949e+01
3.463207518766373028e+01
3.453204016858818903e+01
3.443703668104991777e+01
3.434679857110599244e+01
3.426105968481351738e+01
3.418034032960501634e+01
3.410385004395398312e+01
3.403210913529294857e+01
3.396458929588718689e+01
3.390154867937742011e+01
3.384298328561253300e+01
3.378836480685784949e+01
3.373795139675411292e+01
3.369173905515015122e+01
3.364919947431130254e+01
3.361059080787829600e+01
3.357590905570001638e+01
3.354488806383358224e+01
3.351752383212787834e+01
3.349407451422361248e+01
3.347401180238610152e+01
3.345733169646426575e+01
3.344429235009877033e+01
3.343462760934674805e+01
3.342833347405709787e+01
3.342514379028693128e+01
3.342531671167694185e+01
3.342858608428427658e+01
3.343494790795775629e+01
3.344413602875456348e+01
3.345640860031538466e+01
3.347176162248909037e+01
3.348992894133282050e+01
3.351116871048728285e+01
3.353521477600955336e+01
3.356180098395675060e+01
3.359144764176140541e+01
3.362388859548057241e+01
3.365911984496320741e+01
3.369685817720787213e+01
3.373727645056276003e+01
3.378000615673394691e+01
3.382494094121931028e+01
3.387197444951673475e+01
3.392126248091587826e+01
3.397217437333100065e+01
3.402512807984361132e+01
3.407949293836797011e+01
3.413568690198553668e+01
3.419307930861062772e+01
3.425208811132466025e+01
3.431208264804195807e+01
3.437321871805215778e+01
3.443565212064494574e+01
3.449875219373463153e+01
3.456267473661083756e+01
3.462757554856325726e+01
3.469282396750617892e+01
3.475883794652105507e+01
3.482524897731397573e+01
3.489168855159099536e+01
3.495857462243361624e+01
3.502553868154789996e+01
3.509273652822352574e+01
3.515953750037473924e+01
3.522635955108306405e+01
3.529283417205451201e+01
3.535911716257882631e+01
3.542510216815381341e+01
3.549068283427738635e+01
3.555575280644742975e+01
3.562020573016177138e+01
3.568393525091833851e+01
3.574735932179855524e+01
3.580958512692493656e+01
3.587103061937892790e+01
3.593185159845022270e+01
3.599141740205306661e+01
3.604988382947716019e+01
3.610714452622039516e+01
3.616309313778057799e+01
3.621788546344743764e+01
3.627141514871883032e+01
3.632331368530086024e+01
3.637399902627495152e+01
3.642310266334720126e+01
3.647051824201546566e+01
3.651640156156944528e+01
3.656038411371520880e+01
3.660262510003512659e+01
3.664303517749063843e+01
3.668152840533587522e+01
3.671801884282500339e+01
3.675268270300391293e+01
3.678517189133501120e+01
3.681592477465598279e+01
3.684433110463741201e+01
3.687109140190879941e+01
3.689559541814070087e+01
3.691828152017085785e+01
3.693880161346162083e+01
3.695733191105890825e+01
3.697352431842508480e+01
3.698781720239787063e+01
3.699986246843960913e+01
3.700983632959625425e+01
3.701739069133014937e+01
3.702296392047901463e+01
3.702594576871340593e+01
3.702703675666285221e+01
3.702562663599788806e+01
3.702189161976448872e+01
3.701627007480035303e+01
3.700788959898425645e+01
3.699745071294571375e+01
3.698460532214706831e+01
3.696952963963426697e+01
3.695213772466145485e+01
3.693208148269096114e+01
3.690979928056053438e+01
3.688494302373251799e+01
3.685768892525283036e+01
3.682795104437565215e+01
3.679590559414688755e+01
3.676146663382067459e+01
3.672428606885939217e+01
3.668480226610073203e+01
3.664292928479887479e+01
3.659858118420794426e+01
3.655167202358207845e+01
3.650237801596720999e+01
3.645035106682569648e+01
3.639602954299526516e+01
3.633906534993826654e+01
3.627937254690883861e+01
3.621712734695292113e+01
3.615224380932465209e+01
3.608489814706997834e+01
3.601474226565122194e+01
3.594196623618088182e+01
3.586655340824580662e+01
3.578876314329114905e+01
3.570833049517851521e+01
3.562577697914485952e+01
3.554057549525999349e+01
3.545324755876087863e+01
3.536379037730090147e+01
3.527193900474164678e+01
3.517821495632008322e+01
3.508235328589781687e+01
3.498461335492000046e+01
3.488499237104002049e+01
3.478348754191127767e+01
3.468009607518714432e+01
3.457507733231277314e+01
3.446842852094158616e+01
3.436014684872694858e+01
3.425022952332223980e+01
3.413893590617263385e+01
3.402600105113973683e+01
3.391194647346048896e+01
3.379650722699650345e+01
3.367994267319296142e+01
3.356225001970322097e+01
3.344342647418068282e+01
3.332346924427871926e+01
3.320237553765071681e+01
3.308040471574185659e+01
3.295755398620552512e+01
3.283355840290329297e+01
3.270893948107214300e+01
3.258343227457365288e+01
3.245729614485301084e+01
3.233026614577180879e+01
3.220260163877521364e+01
3.207456198530840652e+01
3.194562008544117049e+01
3.181629745441049195e+01
3.168659129986974321e+01
3.155623667568052682e+01
3.142549294328799547e+01
3.129435731034555346e+01
3.116256483071477135e+01
3.103063701963263554e+01
3.089857108475251479e+01
3.076610207993601165e+01
3.063322721283650196e+01
3.050020584489915620e+01
3.036703518377735378e+01
3.023372074907409157e+01
3.010030130819070493e+01
2.996682394047813602e+01
2.983359787907913230e+01
2.970040804955285196e+01
2.956730153125022298e+01
2.943458755731398568e+01
2.930205105330330539e+01
2.917000125236091890e+01
2.903848523383776126e+01
2.890728792329298358e+01
2.877671855386934396e+01
2.864682420491775616e+01
2.851765195578919432e+01
2.838898673204278822e+01
2.826139992061308703e+01
2.813467644705924187e+01
2.800886339073218068e+01
2.788374567719106523e+01
2.775989469337043047e+01
2.763709536482942752e+01
2.751539477091899855e+01
2.739510214478188388e+01
2.727574025818544001e+01
2.715788049806419835e+01
2.704104563618551893e+01
2.692580705948393671e+01
2.681194969351860635e+01
2.669925846384865409e+01
2.658830475740864685e+01
2.647887349975771087e+01
2.637101177024680609e+01
2.626450449443506585e+01
2.615992305925704287e+01
2.605679023648009363e+01
2.595567741303873532e+01
2.585610736070033866e+01
2.575838931260762976e+01
2.566230819431977039e+01
2.556843539277129906e+01
2.547603152593775633e+01
2.538566798075369846e+01
2.529739183657005341e+01
2.521098801894598651e+01
2.512650360723243637e+01
2.504398568078034870e+01
2.496348131894066924e+01
2.488503760106432594e+01
2.480870160650229295e+01
2.473452041460550177e+01
2.466253871224066785e+01
2.459252946254580863e+01
2.452452538996653075e+01
2.445882137274020707e+01
2.439492582772884077e+01
2.433339578696161354e+01
2.427400182109231253e+01
2.421677665456654793e+01
2.416149085803809626e+01
2.410843930974434102e+01
2.405765473413088174e+01
2.400890770185151624e+01
2.396196878356002458e+01
2.391739501128560619e+01
2.387495695568204468e+01
2.383468734119493959e+01
2.379635673847807098e+01
2.375999787197703483e+01
2.372590561992922531e+01
2.369385055298841891e+01
2.366386539560023650e+01
2.363598287221023853e+01
2.361023570726403165e+01
2.358639447141539591e+01
2.356449188910994508e+01
2.354482283858504488e+01
2.352689573670270207e+01
2.351100546170029659e+01
2.349718473802342800e+01
2.348546629011768161e+01
2.347562068863685525e+01
2.346768065802653069e+01
2.346141676894051287e+01
2.345738605340797278e+01
2.345509692829092430e+01
2.345484427182674025e+01
2.345639865466922203e+01
2.345979280126395494e+01
2.346505943605652789e+01
2.347223128349254395e+01
2.348107891422578319e+01
2.349189720649364332e+01
2.350445673094990795e+01
2.351879021204018017e+01
2.353493037421003464e+01
2.355264778811326920e+01
2.357223733198728155e+01
2.359346957648586240e+01
2.361663939984639526e+01
2.364125521893087978e+01
2.366760527264201741e+01
2.369568908875202595e+01
2.372497524811482705e+01
2.375624310054335098e+01
2.378869907309972831e+01
2.382259820801328587e+01
2.385793339372154875e+01
2.389443536487025455e+01
2.393209700989692479e+01
2.397117337103088985e+01
2.401139518291787311e+01
2.405249318020361216e+01
2.409472240511743024e+01
2.413807574609685247e+01
2.418228393778761287e+01
2.422733986862724009e+01
2.427323642705326634e+01
2.431996650150320605e+01
2.436726082662280035e+01
2.441537444464136897e+01
2.446403809020465303e+01
2.451324465175016698e+01
2.456324917150724829e+01
2.461352023032981862e+01
2.466431287044721188e+01
2.471535782650515500e+01
2.476691014073297126e+01
2.481870054777639822e+01
2.487098408986475206e+01
2.492322934785197575e+01
2.497569136396738543e+01
2.502836302664852042e+01
2.508123722433288805e+01
2.513404469166624366e+01
2.518677831708610171e+01
2.523943098902999438e+01
2.529225774972724494e+01
2.534472718003177860e+01
2.539709432217293994e+01
2.544935206458823984e+01
2.550123114192341589e+01
2.555298659640779491e+01
2.560434916268709671e+01
2.565531172919885350e+01
2.570586718438060458e+01
2.575627057046166968e+01
2.580599046829598109e+01
2.585528192011285498e+01
2.590387566055803603e+01
2.595202673186083686e+01
2.599972547683553969e+01
2.604668990201157541e+01
2.609289762208693020e+01
2.613832625175959379e+01
2.618321555951932922e+01
2.622701885248053699e+01
2.627023805292479253e+01
2.631232646796648922e+01
2.635378601988717762e+01
2.639407001580126888e+01
2.643341822419854381e+01
2.647154610598516555e+01
2.650869342965092912e+01
2.654457565610202963e+01
2.657943255382822301e+01
2.661324173752750255e+01
2.664545651431425810e+01
2.667657880647005442e+01
2.670658622869288479e+01
2.673493208809713906e+01
2.676211830696438554e+01
2.678786034620080869e+01
2.681239797429619287e+01
2.683518449836492081e+01
2.685672184068856438e+01
2.687672546217331515e+01
2.689491082372535757e+01
2.691177984762628128e+01
2.692704799478224231e+01
2.694095503368303923e+01
2.695295427144304767e+01
2.696328547655205909e+01
2.697192626370804902e+01
2.697885424760899298e+01
2.698430919674468953e+01
2.698774441822950365e+01
2.698939968055321970e+01
2.698951475220562912e+01
2.698780509409290573e+01
2.698398616712123754e+01
2.697855989357219642e+01
2.697150388814375788e+01
2.696227145795033309e+01
2.695136452527347615e+01
2.693849855101937862e+01
2.692391330367781777e+01
2.690732424415498869e+01
2.688870898714884916e+01
2.686830730114920129e+01
2.684583464706221889e+01
2.682127041130102896e+01
2.679512537472289679e+01
2.676660132094123767e+01
2.673647295632024523e+01
2.670420421826516133e+01
2.667004550555658327e+01
2.663398506318331727e+01
2.659574898234238916e+01
2.655584981560619440e+01
2.651375150037995354e+01
2.646996658923606915e+01
2.642395901957977244e+01
2.637624134398345532e+01
2.632653965364414006e+01
2.627484219355062578e+01
2.622139936248353820e+01
2.616593725163987827e+01
2.610870625980026460e+01
2.604943247816170881e+01
2.598862845929660992e+01
2.592575814061019912e+01
2.586107192088307016e+01
2.579482019889583810e+01
2.572646691205371994e+01
2.565652461292912889e+01
2.558471939271906948e+01
2.551103949641235857e+01
2.543573532278959348e+01
2.535879511683960175e+01
2.527994496975939853e+01
2.519943528032957758e+01
2.511725429353895578e+01
2.503339025437634646e+01
2.494809356162235758e+01
2.486082815268221680e+01
2.477210658012831601e+01
2.468165493515767395e+01
2.458972361655090211e+01
2.449603871550501566e+01
2.440085063080061545e+01
2.430414760742652192e+01
2.420591789037153774e+01
2.410588757083269229e+01
2.400456920138236683e+01
2.390195102700939600e+01
2.379749698511898970e+01
2.369198178207534866e+01
2.358486935528368633e+01
2.347614794973283026e+01
2.336633011799516524e+01
2.325488545058177436e+01
2.314235476559436577e+01
2.302823591907329615e+01
2.291307538222610418e+01
2.279663316488497671e+01
2.267919358446566136e+01
2.256077880459210760e+01
2.244114883509649161e+01
2.232032583960276284e+01
2.219885628931848487e+01
2.207650019407581610e+01
2.195301756370691848e+01
2.182921702321113955e+01
2.170433427483705202e+01
2.157891578979220171e+01
2.145272157790876832e+01
2.132603595660249240e+01
2.119888108949733052e+01
2.107127914021726411e+01
2.094299011859443738e+01
2.081456049583640677e+01
2.068575028177533426e+01
2.055658164003518706e+01
2.042707673423992176e+01
2.029751988180528954e+01
2.016767109256345591e+01
2.003781468393018272e+01
1.990797281952941589e+01
1.977816766298512974e+01
1.964815922412948268e+01
1.951849397417001697e+01
1.938893192293891587e+01
1.925949523406012531e+01
1.913020607115760185e+01
1.900134875164711445e+01
1.887294543915260192e+01
1.874475614350626174e+01
1.861706518212381312e+01
1.848963256483744289e+01
1.836274260906290223e+01
1.823667963221593880e+01
1.811094149033692702e+01
1.798581250084162519e+01
1.786144590424988721e+01
1.773775900266895533e+01
1.761485260586031742e+01
1.749272266206877546e+01
1.737144376567663073e+01
1.725101186492866745e+01
1.713150155420721177e+01
